2 0.09375 0.8052884615384616 0.03365384615384615 0.2548076923076923
2 0.1346153846153846 0.8617788461538461 0.03365384615384615 0.15384615384615385
2 0.24639423076923078 0.8665865384615384 0.06971153846153846 0.1466346153846154
2 0.24639423076923078 0.6057692307692307 0.06971153846153846 0.1658653846153846
2 0.22956730769230768 0.2956730769230769 0.03365384615384615 0.08173076923076923
2 0.2800480769230769 0.2956730769230769 0.038461538461538464 0.08653846153846154
2 0.22956730769230768 0.11538461538461539 0.03365384615384615 0.11057692307692307
2 0.2800480769230769 0.10576923076923077 0.038461538461538464 0.09134615384615384
3 0.43509615384615385 0.5012019230769231 0.15384615384615385 0.8870192307692307
2 0.5480769230769231 0.21153846153846154 0.019230769230769232 0.30528846153846156
2 0.8762019230769231 0.18028846153846154 0.12980769230769232 0.24519230769230768