2 0.19471153846153846 0.09375 0.2548076923076923 0.03365384615384615
2 0.13822115384615385 0.1346153846153846 0.15384615384615385 0.03365384615384615
2 0.13341346153846154 0.24639423076923078 0.1466346153846154 0.06971153846153846
2 0.3942307692307692 0.24639423076923078 0.1658653846153846 0.06971153846153846
2 0.7043269230769231 0.22956730769230768 0.08173076923076923 0.03365384615384615
2 0.7043269230769231 0.2800480769230769 0.08653846153846154 0.038461538461538464
2 0.8846153846153846 0.22956730769230768 0.11057692307692307 0.03365384615384615
2 0.8942307692307693 0.2800480769230769 0.09134615384615384 0.038461538461538464
3 0.4987980769230769 0.43509615384615385 0.8870192307692307 0.15384615384615385
2 0.7884615384615384 0.5480769230769231 0.30528846153846156 0.019230769230769232
2 0.8197115384615384 0.8762019230769231 0.24519230769230768 0.12980769230769232