2 0.90625 0.1935096153846154 0.03365384615384615 0.25
2 0.8653846153846154 0.13822115384615385 0.03125 0.14903846153846154
2 0.7536057692307693 0.13341346153846154 0.0673076923076923 0.14423076923076922
2 0.7536057692307693 0.39302884615384615 0.0673076923076923 0.16826923076923078
2 0.7716346153846154 0.7055288461538461 0.03365384615384615 0.08413461538461539
2 0.7716346153846154 0.8846153846153846 0.03365384615384615 0.10817307692307693
2 0.71875 0.8930288461538461 0.038461538461538464 0.09134615384615384
2 0.7199519230769231 0.7043269230769231 0.038461538461538464 0.08653846153846154
3 0.5637019230769231 0.4987980769230769 0.14903846153846154 0.8846153846153846
2 0.4519230769230769 0.7920673076923077 0.019230769230769232 0.3004807692307692
2 0.1141826923076923 0.8185096153846154 0.10576923076923077 0.24278846153846154