2 0.8064903846153846 0.09375 0.25 0.03365384615384615
2 0.8617788461538461 0.1346153846153846 0.14903846153846154 0.03125
2 0.8665865384615384 0.24639423076923078 0.14423076923076922 0.0673076923076923
2 0.6069711538461539 0.24639423076923078 0.16826923076923078 0.0673076923076923
2 0.29447115384615385 0.2283653846153846 0.08173076923076923 0.03365384615384615
2 0.11538461538461539 0.2283653846153846 0.10817307692307693 0.03365384615384615
2 0.10697115384615384 0.28125 0.09134615384615384 0.038461538461538464
2 0.2956730769230769 0.2800480769230769 0.08653846153846154 0.038461538461538464
3 0.5012019230769231 0.4362980769230769 0.8846153846153846 0.14903846153846154
2 0.20793269230769232 0.5480769230769231 0.3004807692307692 0.019230769230769232
2 0.1814903846153846 0.8858173076923077 0.24278846153846154 0.10576923076923077