2 0.1935096153846154 0.09375 0.25 0.03365384615384615
2 0.13822115384615385 0.1346153846153846 0.14903846153846154 0.03125
2 0.13341346153846154 0.24639423076923078 0.14423076923076922 0.0673076923076923
2 0.39302884615384615 0.24639423076923078 0.16826923076923078 0.0673076923076923
2 0.7055288461538461 0.2283653846153846 0.08173076923076923 0.03365384615384615
2 0.8846153846153846 0.2283653846153846 0.10817307692307693 0.03365384615384615
2 0.8930288461538461 0.28125 0.09134615384615384 0.038461538461538464
2 0.7043269230769231 0.2800480769230769 0.08653846153846154 0.038461538461538464
3 0.4987980769230769 0.4362980769230769 0.8846153846153846 0.14903846153846154
2 0.7920673076923077 0.5480769230769231 0.3004807692307692 0.019230769230769232
2 0.8185096153846154 0.8858173076923077 0.24278846153846154 0.10576923076923077