2 0.8870192307692307 0.18028846153846154 0.10576923076923077 0.24278846153846154
3 0.4362980769230769 0.4987980769230769 0.15144230769230768 0.8846153846153846
2 0.5480769230769231 0.20673076923076922 0.019230769230769232 0.3076923076923077
2 0.09375 0.8064903846153846 0.03365384615384615 0.24759615384615385
2 0.1346153846153846 0.8617788461538461 0.03365384615384615 0.15384615384615385
2 0.24759615384615385 0.8653846153846154 0.0673076923076923 0.14182692307692307
2 0.24759615384615385 0.6069711538461539 0.0673076923076923 0.16346153846153846
2 0.22956730769230768 0.29447115384615385 0.03365384615384615 0.08173076923076923
2 0.2800480769230769 0.2956730769230769 0.036057692307692304 0.08173076923076923
2 0.22956730769230768 0.11538461538461539 0.03365384615384615 0.10576923076923077
2 0.2800480769230769 0.10576923076923077 0.036057692307692304 0.0889423076923077