2 0.11298076923076923 0.8197115384615384 0.10576923076923077 0.24278846153846154
3 0.5637019230769231 0.5012019230769231 0.15144230769230768 0.8846153846153846
2 0.4519230769230769 0.7932692307692307 0.019230769230769232 0.3076923076923077
2 0.90625 0.1935096153846154 0.03365384615384615 0.24519230769230768
2 0.8653846153846154 0.13822115384615385 0.03365384615384615 0.15384615384615385
2 0.7524038461538461 0.1346153846153846 0.0673076923076923 0.14182692307692307
2 0.7524038461538461 0.39302884615384615 0.0673076923076923 0.16346153846153846
2 0.7704326923076923 0.7055288461538461 0.03365384615384615 0.08413461538461539
2 0.7199519230769231 0.7043269230769231 0.036057692307692304 0.08173076923076923
2 0.7704326923076923 0.8846153846153846 0.03365384615384615 0.10576923076923077
2 0.7199519230769231 0.8942307692307693 0.036057692307692304 0.0889423076923077