2 0.11298076923076923 0.18028846153846154 0.10576923076923077 0.24278846153846154
3 0.5637019230769231 0.4987980769230769 0.15144230769230768 0.8846153846153846
2 0.4519230769230769 0.20673076923076922 0.019230769230769232 0.3076923076923077
2 0.90625 0.8064903846153846 0.03365384615384615 0.24759615384615385
2 0.8653846153846154 0.8617788461538461 0.03365384615384615 0.15384615384615385
2 0.7524038461538461 0.8653846153846154 0.0673076923076923 0.14182692307692307
2 0.7524038461538461 0.6069711538461539 0.0673076923076923 0.16346153846153846
2 0.7704326923076923 0.29447115384615385 0.03365384615384615 0.08173076923076923
2 0.7199519230769231 0.2956730769230769 0.036057692307692304 0.08173076923076923
2 0.7704326923076923 0.11538461538461539 0.03365384615384615 0.10576923076923077
2 0.7199519230769231 0.10576923076923077 0.036057692307692304 0.0889423076923077