3 0.4987980769230769 0.43990384615384615 0.8942307692307693 0.16105769230769232
2 0.7908653846153846 0.5528846153846154 0.30288461538461536 0.02403846153846154
2 0.1310096153846154 0.24519230769230768 0.15384615384615385 0.07211538461538461
2 0.3918269230769231 0.24639423076923078 0.17307692307692307 0.07692307692307693
2 0.7067307692307693 0.2283653846153846 0.08653846153846154 0.03365384615384615
2 0.7055288461538461 0.28125 0.08653846153846154 0.038461538461538464
2 0.8846153846153846 0.22956730769230768 0.10817307692307693 0.03365384615384615
2 0.8942307692307693 0.2800480769230769 0.0889423076923077 0.038461538461538464
2 0.8185096153846154 0.8870192307692307 0.2403846153846154 0.10576923076923077
2 0.1935096153846154 0.09254807692307693 0.25 0.03125
2 0.13942307692307693 0.1346153846153846 0.14903846153846154 0.03125