2 0.9314903846153846 0.8052884615384616 0.10817307692307693 0.2548076923076923
2 0.4387019230769231 0.21153846153846154 0.028846153846153848 0.2692307692307692
3 0.33533653846153844 0.4987980769230769 0.15865384615384615 0.8605769230769231
2 0.08653846153846154 0.15264423076923078 0.057692307692307696 0.16346153846153846
2 0.15985576923076922 0.3016826923076923 0.038461538461538464 0.07692307692307693
2 0.15745192307692307 0.11899038461538461 0.036057692307692304 0.09134615384615384
2 0.20673076923076922 0.31490384615384615 0.03365384615384615 0.10096153846153846
2 0.20673076923076922 0.1201923076923077 0.03365384615384615 0.09375
2 0.1778846153846154 0.8509615384615384 0.0673076923076923 0.14903846153846154
2 0.1778846153846154 0.6105769230769231 0.06971153846153846 0.17307692307692307
2 0.08774038461538461 0.8197115384615384 0.05048076923076923 0.21394230769230768