2 0.9519230769230769 0.6706730769230769 0.02403846153846154 0.12980769230769232
2 0.8737980769230769 0.5036057692307693 0.02403846153846154 0.20432692307692307
2 0.8377403846153846 0.4987980769230769 0.03365384615384615 0.15384615384615385
2 0.7259615384615384 0.5973557692307693 0.09134615384615384 0.16826923076923078
2 0.7271634615384616 0.8137019230769231 0.09134615384615384 0.1466346153846154
2 0.7151442307692307 0.25600961538461536 0.11538461538461539 0.28365384615384615
3 0.5793269230769231 0.5012019230769231 0.11298076923076923 0.7644230769230769
2 0.47596153846153844 0.2536057692307692 0.04326923076923077 0.28365384615384615
2 0.42908653846153844 0.23317307692307693 0.014423076923076924 0.22596153846153846
2 0.1502403846153846 0.19591346153846154 0.02403846153846154 0.14423076923076922
2 0.09375 0.7644230769230769 0.12980769230769232 0.2548076923076923