2 0.9519230769230769 0.3293269230769231 0.02403846153846154 0.12980769230769232
2 0.8737980769230769 0.4963942307692308 0.02403846153846154 0.20432692307692307
2 0.8377403846153846 0.5012019230769231 0.03365384615384615 0.15384615384615385
2 0.7259615384615384 0.4026442307692308 0.09134615384615384 0.16826923076923078
2 0.7271634615384616 0.18629807692307693 0.09134615384615384 0.1466346153846154
2 0.7151442307692307 0.7439903846153846 0.11538461538461539 0.28365384615384615
3 0.5793269230769231 0.4987980769230769 0.11298076923076923 0.7644230769230769
2 0.47596153846153844 0.7463942307692307 0.04326923076923077 0.28365384615384615
2 0.42908653846153844 0.7668269230769231 0.014423076923076924 0.22596153846153846
2 0.1502403846153846 0.8040865384615384 0.02403846153846154 0.1466346153846154
2 0.09375 0.23557692307692307 0.12980769230769232 0.2548076923076923