2 0.6730769230769231 0.1814903846153846 0.4326923076923077 0.0889423076923077
2 0.18629807692307693 0.17427884615384615 0.18269230769230768 0.09134615384615384
2 0.5012019230769231 0.3137019230769231 0.25 0.021634615384615384
3 0.5048076923076923 0.46153846153846156 0.7836538461538461 0.19230769230769232
2 0.7788461538461539 0.6550480769230769 0.23557692307692307 0.10817307692307693
2 0.5060096153846154 0.6394230769230769 0.13942307692307693 0.08173076923076923
2 0.23076923076923078 0.640625 0.15384615384615385 0.08173076923076923
2 0.5048076923076923 0.7776442307692307 0.16826923076923078 0.03125
2 0.7692307692307693 0.9038461538461539 0.21634615384615385 0.04807692307692308
2 0.5036057692307693 0.9026442307692307 0.25961538461538464 0.04807692307692308
2 0.23197115384615385 0.9026442307692307 0.22115384615384615 0.04326923076923077