2 0.1814903846153846 0.3269230769230769 0.0889423076923077 0.4326923076923077
2 0.17427884615384615 0.8137019230769231 0.09134615384615384 0.18269230769230768
2 0.3137019230769231 0.4987980769230769 0.021634615384615384 0.25
3 0.46153846153846156 0.4951923076923077 0.19230769230769232 0.7836538461538461
2 0.6550480769230769 0.22115384615384615 0.10817307692307693 0.23557692307692307
2 0.6394230769230769 0.49399038461538464 0.08173076923076923 0.13942307692307693
2 0.640625 0.7692307692307693 0.08173076923076923 0.15384615384615385
2 0.7776442307692307 0.4951923076923077 0.03125 0.16826923076923078
2 0.9038461538461539 0.23076923076923078 0.04807692307692308 0.21634615384615385
2 0.9026442307692307 0.4963942307692308 0.04807692307692308 0.25961538461538464
2 0.9026442307692307 0.7680288461538461 0.04326923076923077 0.22115384615384615