3 0.5024038461538461 0.49158653846153844 0.9423076923076923 0.22596153846153846
2 0.8076923076923077 0.6394230769230769 0.27884615384615385 0.052884615384615384
3 0.8112980769230769 0.6995192307692307 0.3557692307692308 0.03365384615384615
2 0.8269230769230769 0.859375 0.16826923076923078 0.03365384615384615
2 0.1466346153846154 0.19110576923076922 0.15865384615384615 0.04807692307692308
2 0.1466346153846154 0.2980769230769231 0.19230769230769232 0.06971153846153846
2 0.47475961538461536 0.30408653846153844 0.3125 0.04807692307692308
2 0.8533653846153846 0.23197115384615385 0.20432692307692307 0.03365384615384615
2 0.8509615384615384 0.12620192307692307 0.14903846153846154 0.038461538461538464
2 0.5997596153846154 0.12740384615384615 0.28846153846153844 0.036057692307692304
2 0.34375 0.12740384615384615 0.17548076923076922 0.036057692307692304