3 0.5084134615384616 0.5024038461538461 0.22596153846153846 0.9423076923076923
2 0.3605769230769231 0.8076923076923077 0.052884615384615384 0.27884615384615385
3 0.3004807692307692 0.8112980769230769 0.03365384615384615 0.3557692307692308
2 0.140625 0.8269230769230769 0.03365384615384615 0.16826923076923078
2 0.8088942307692307 0.1466346153846154 0.04807692307692308 0.15865384615384615
2 0.7019230769230769 0.1466346153846154 0.06971153846153846 0.19230769230769232
2 0.6959134615384616 0.47475961538461536 0.04807692307692308 0.3125
2 0.7680288461538461 0.8533653846153846 0.03365384615384615 0.20432692307692307
2 0.8737980769230769 0.8509615384615384 0.038461538461538464 0.14903846153846154
2 0.8725961538461539 0.5997596153846154 0.036057692307692304 0.28846153846153844
2 0.8725961538461539 0.34375 0.036057692307692304 0.17548076923076922