3 0.49158653846153844 0.49759615384615385 0.22596153846153846 0.9423076923076923
2 0.6394230769230769 0.19230769230769232 0.052884615384615384 0.27884615384615385
3 0.6995192307692307 0.18870192307692307 0.03365384615384615 0.3557692307692308
2 0.859375 0.17307692307692307 0.03365384615384615 0.16826923076923078
2 0.19110576923076922 0.8533653846153846 0.04807692307692308 0.15865384615384615
2 0.2980769230769231 0.8533653846153846 0.06971153846153846 0.19230769230769232
2 0.30408653846153844 0.5252403846153846 0.04807692307692308 0.3125
2 0.23197115384615385 0.1466346153846154 0.03365384615384615 0.20432692307692307
2 0.12620192307692307 0.14903846153846154 0.038461538461538464 0.14903846153846154
2 0.12740384615384615 0.40024038461538464 0.036057692307692304 0.28846153846153844
2 0.12740384615384615 0.65625 0.036057692307692304 0.17548076923076922