2 0.4987980769230769 0.7391826923076923 0.026442307692307692 0.46153846153846156
3 0.4182692307692308 0.5 0.11057692307692307 0.9615384615384616
2 0.22716346153846154 0.3954326923076923 0.1346153846153846 0.19230769230769232
2 0.3317307692307692 0.29086538461538464 0.040865384615384616 0.39903846153846156
2 0.3317307692307692 0.8245192307692307 0.038461538461538464 0.31971153846153844
2 0.22596153846153846 0.8918269230769231 0.1346153846153846 0.19230769230769232
2 0.04447115384615385 0.19951923076923078 0.057692307692307696 0.16346153846153846
2 0.055288461538461536 0.6430288461538461 0.07692307692307693 0.19471153846153846
2 0.1141826923076923 0.8822115384615384 0.021634615384615384 0.20192307692307693
2 0.04807692307692308 0.8533653846153846 0.028846153846153848 0.11538461538461539
2 0.5120192307692307 0.10336538461538461 0.052884615384615384 0.17307692307692307