2 0.5012019230769231 0.2608173076923077 0.026442307692307692 0.46153846153846156
3 0.5817307692307693 0.5 0.11057692307692307 0.9615384615384616
2 0.7728365384615384 0.6045673076923077 0.1346153846153846 0.19230769230769232
2 0.6682692307692307 0.7091346153846154 0.040865384615384616 0.39903846153846156
2 0.6682692307692307 0.17548076923076922 0.038461538461538464 0.31971153846153844
2 0.7740384615384616 0.10817307692307693 0.1346153846153846 0.19230769230769232
2 0.9555288461538461 0.8004807692307693 0.057692307692307696 0.16346153846153846
2 0.9447115384615384 0.35697115384615385 0.07692307692307693 0.19471153846153846
2 0.8858173076923077 0.11778846153846154 0.021634615384615384 0.20192307692307693
2 0.9519230769230769 0.1466346153846154 0.028846153846153848 0.11538461538461539
2 0.4879807692307692 0.8966346153846154 0.052884615384615384 0.17307692307692307