2 0.5 0.2247596153846154 0.052884615384615384 0.25961538461538464
2 0.44350961538461536 0.45913461538461536 0.02403846153846154 0.7259615384615384
3 0.5925480769230769 0.5 0.11298076923076923 0.8173076923076923
2 0.7103365384615384 0.828125 0.09375 0.16346153846153846
2 0.7115384615384616 0.5600961538461539 0.09375 0.15384615384615385
2 0.7115384615384616 0.2704326923076923 0.09375 0.1778846153846154
2 0.8040865384615384 0.8425480769230769 0.0625 0.13221153846153846
2 0.8040865384615384 0.5877403846153846 0.0625 0.0985576923076923
2 0.8052884615384616 0.30649038461538464 0.0625 0.10576923076923077
2 0.9026442307692307 0.6225961538461539 0.08173076923076923 0.25961538461538464
2 0.09615384615384616 0.78125 0.11298076923076923 0.2548076923076923