2 0.5 0.7752403846153846 0.052884615384615384 0.25961538461538464
2 0.5564903846153846 0.5408653846153846 0.02403846153846154 0.7259615384615384
3 0.4074519230769231 0.5 0.11298076923076923 0.8173076923076923
2 0.28966346153846156 0.171875 0.09375 0.16346153846153846
2 0.28846153846153844 0.43990384615384615 0.09375 0.15384615384615385
2 0.28846153846153844 0.7295673076923077 0.09375 0.1778846153846154
2 0.19591346153846154 0.15745192307692307 0.0625 0.13221153846153846
2 0.19591346153846154 0.41225961538461536 0.0625 0.0985576923076923
2 0.19471153846153846 0.6935096153846154 0.0625 0.10576923076923077
2 0.09735576923076923 0.37740384615384615 0.08173076923076923 0.25961538461538464
2 0.9038461538461539 0.21875 0.11298076923076923 0.2548076923076923