2 0.22716346153846154 0.17548076923076922 0.11778846153846154 0.2548076923076923
3 0.6442307692307693 0.5012019230769231 0.09615384615384616 0.8918269230769231
2 0.5552884615384616 0.7884615384615384 0.07211538461538461 0.3245192307692308
2 0.8209134615384616 0.13221153846153846 0.07692307692307693 0.16105769230769232
2 0.8209134615384616 0.43028846153846156 0.07451923076923077 0.15144230769230768
2 0.8209134615384616 0.7247596153846154 0.07692307692307693 0.17307692307692307
2 0.7403846153846154 0.09014423076923077 0.040865384615384616 0.07692307692307693
2 0.7403846153846154 0.32211538461538464 0.040865384615384616 0.10096153846153846
2 0.7403846153846154 0.6802884615384616 0.040865384615384616 0.0985576923076923
2 0.7403846153846154 0.8990384615384616 0.04326923076923077 0.0985576923076923
2 0.9242788461538461 0.16346153846153846 0.057692307692307696 0.22115384615384615