2 0.8245192307692307 0.7728365384615384 0.2548076923076923 0.11778846153846154
3 0.4987980769230769 0.3557692307692308 0.8918269230769231 0.09615384615384616
2 0.21153846153846154 0.44471153846153844 0.3245192307692308 0.07211538461538461
2 0.8677884615384616 0.17908653846153846 0.16105769230769232 0.07692307692307693
2 0.5697115384615384 0.17908653846153846 0.15144230769230768 0.07451923076923077
2 0.27524038461538464 0.17908653846153846 0.17307692307692307 0.07692307692307693
2 0.9098557692307693 0.25961538461538464 0.07692307692307693 0.040865384615384616
2 0.6778846153846154 0.25961538461538464 0.10096153846153846 0.040865384615384616
2 0.31971153846153844 0.25961538461538464 0.0985576923076923 0.040865384615384616
2 0.10096153846153846 0.25961538461538464 0.0985576923076923 0.04326923076923077
2 0.8365384615384616 0.07572115384615384 0.22115384615384615 0.057692307692307696