2 0.8004807692307693 0.8533653846153846 0.27884615384615385 0.11538461538461539
3 0.5 0.3605769230769231 0.8798076923076923 0.11538461538461539
2 0.8713942307692307 0.14423076923076922 0.12980769230769232 0.04326923076923077
2 0.5997596153846154 0.14543269230769232 0.10336538461538461 0.04567307692307692
2 0.31009615384615385 0.1466346153846154 0.11057692307692307 0.04326923076923077
2 0.2692307692307692 0.23557692307692307 0.19230769230769232 0.07692307692307693
2 0.5649038461538461 0.234375 0.16826923076923078 0.07932692307692307
2 0.8473557692307693 0.23557692307692307 0.1778846153846154 0.07692307692307693
2 0.09975961538461539 0.08173076923076923 0.0625 0.019230769230769232
2 0.8233173076923077 0.07091346153846154 0.21634615384615385 0.036057692307692304
2 0.21153846153846154 0.47475961538461536 0.2932692307692308 0.07692307692307693