2 0.1466346153846154 0.8004807692307693 0.11538461538461539 0.27884615384615385
3 0.6394230769230769 0.5 0.11538461538461539 0.8798076923076923
2 0.8557692307692307 0.8713942307692307 0.04326923076923077 0.12980769230769232
2 0.8545673076923077 0.5997596153846154 0.04567307692307692 0.10336538461538461
2 0.8533653846153846 0.31009615384615385 0.04326923076923077 0.11057692307692307
2 0.7644230769230769 0.2692307692307692 0.07692307692307693 0.19230769230769232
2 0.765625 0.5649038461538461 0.07932692307692307 0.16826923076923078
2 0.7644230769230769 0.8473557692307693 0.07692307692307693 0.1778846153846154
2 0.9182692307692307 0.09975961538461539 0.019230769230769232 0.0625
2 0.9290865384615384 0.8233173076923077 0.036057692307692304 0.21634615384615385
2 0.5252403846153846 0.21153846153846154 0.07692307692307693 0.2932692307692308