3 0.3894230769230769 0.4987980769230769 0.17307692307692307 0.9134615384615384
2 0.2091346153846154 0.640625 0.09615384615384616 0.22355769230769232
2 0.21153846153846154 0.1502403846153846 0.0985576923076923 0.1875
2 0.2848557692307692 0.2620192307692308 0.02403846153846154 0.1875
2 0.2848557692307692 0.7331730769230769 0.019230769230769232 0.17307692307692307
2 0.08653846153846154 0.1310096153846154 0.10576923076923077 0.19230769230769232
2 0.5757211538461539 0.7524038461538461 0.18028846153846154 0.3629807692307692
2 0.5769230769230769 0.18629807692307693 0.14423076923076922 0.27163461538461536
2 0.7259615384615384 0.2800480769230769 0.07451923076923077 0.4567307692307692
2 0.7331730769230769 0.7524038461538461 0.125 0.36538461538461536
2 0.8413461538461539 0.28125 0.08173076923076923 0.4567307692307692
2 0.9242788461538461 0.2536057692307692 0.03365384615384615 0.39903846153846156