3 0.6105769230769231 0.5012019230769231 0.17307692307692307 0.9134615384615384
2 0.7908653846153846 0.359375 0.09615384615384616 0.22355769230769232
2 0.7884615384615384 0.8497596153846154 0.0985576923076923 0.1875
2 0.7151442307692307 0.7379807692307693 0.02403846153846154 0.1875
2 0.7151442307692307 0.2668269230769231 0.019230769230769232 0.17307692307692307
2 0.9134615384615384 0.8689903846153846 0.10576923076923077 0.19230769230769232
2 0.42427884615384615 0.24759615384615385 0.18028846153846154 0.3629807692307692
2 0.4230769230769231 0.8137019230769231 0.14423076923076922 0.27163461538461536
2 0.27403846153846156 0.7199519230769231 0.07451923076923077 0.4567307692307692
2 0.2668269230769231 0.24759615384615385 0.125 0.36538461538461536
2 0.15865384615384615 0.71875 0.08173076923076923 0.4567307692307692
2 0.07572115384615384 0.7463942307692307 0.03365384615384615 0.39903846153846156