3 0.4098557692307692 0.5 0.10817307692307693 0.8605769230769231
2 0.33653846153846156 0.7115384615384616 0.036057692307692304 0.4375
2 0.3076923076923077 0.20192307692307693 0.019230769230769232 0.25721153846153844
2 0.2512019230769231 0.17307692307692307 0.019230769230769232 0.19951923076923078
2 0.23076923076923078 0.7211538461538461 0.016826923076923076 0.4254807692307692
2 0.0673076923076923 0.5036057692307693 0.028846153846153848 0.6490384615384616
2 0.052884615384615384 0.08653846153846154 0.01201923076923077 0.057692307692307696
2 0.5144230769230769 0.7632211538461539 0.038461538461538464 0.34134615384615385
2 0.8100961538461539 0.27524038461538464 0.1466346153846154 0.4182692307692308
2 0.8317307692307693 0.734375 0.10096153846153846 0.40384615384615385
2 0.7355769230769231 0.7403846153846154 0.036057692307692304 0.38221153846153844
2 0.5949519230769231 0.27524038461538464 0.23317307692307693 0.4182692307692308
2 0.9627403846153846 0.27283653846153844 0.04326923076923077 0.4230769230769231