3 0.5901442307692307 0.5 0.10817307692307693 0.8605769230769231
2 0.6634615384615384 0.28846153846153844 0.036057692307692304 0.4375
2 0.6923076923076923 0.7980769230769231 0.019230769230769232 0.25721153846153844
2 0.7487980769230769 0.8269230769230769 0.019230769230769232 0.19951923076923078
2 0.7692307692307693 0.27884615384615385 0.016826923076923076 0.4254807692307692
2 0.9326923076923077 0.4963942307692308 0.028846153846153848 0.6490384615384616
2 0.9471153846153846 0.9134615384615384 0.01201923076923077 0.057692307692307696
2 0.4855769230769231 0.23677884615384615 0.038461538461538464 0.34134615384615385
2 0.18990384615384615 0.7247596153846154 0.1466346153846154 0.4182692307692308
2 0.16826923076923078 0.265625 0.10096153846153846 0.40384615384615385
2 0.2644230769230769 0.25961538461538464 0.036057692307692304 0.38221153846153844
2 0.4050480769230769 0.7247596153846154 0.23317307692307693 0.4182692307692308
2 0.037259615384615384 0.7271634615384616 0.04326923076923077 0.4230769230769231