2 0.8173076923076923 0.7271634615384616 0.13221153846153846 0.4182692307692308
2 0.7055288461538461 0.7439903846153846 0.038461538461538464 0.375
2 0.8185096153846154 0.25600961538461536 0.12980769230769232 0.3798076923076923
2 0.6177884615384616 0.2620192307692308 0.21875 0.3918269230769231
2 0.546875 0.7644230769230769 0.040865384615384616 0.34375
2 0.9627403846153846 0.27403846153846156 0.04326923076923077 0.4254807692307692
3 0.4411057692307692 0.5 0.11057692307692307 0.8605769230769231
2 0.36778846153846156 0.7247596153846154 0.036057692307692304 0.41346153846153844
2 0.3389423076923077 0.30408653846153844 0.014423076923076924 0.4567307692307692
2 0.28365384615384615 0.171875 0.019230769230769232 0.1971153846153846
2 0.2620192307692308 0.7199519230769231 0.019230769230769232 0.4230769230769231
2 0.06850961538461539 0.5024038461538461 0.03365384615384615 0.6490384615384616
2 0.052884615384615384 0.08653846153846154 0.014423076923076924 0.0625