3 0.4987980769230769 0.7487980769230769 0.8605769230769231 0.1658653846153846
2 0.6923076923076923 0.8497596153846154 0.47596153846153844 0.038461538461538464
2 0.5012019230769231 0.9314903846153846 0.6466346153846154 0.03125
2 0.08413461538461539 0.9471153846153846 0.057692307692307696 0.014423076923076924
2 0.7608173076923077 0.6153846153846154 0.35096153846153844 0.04326923076923077
2 0.7427884615384616 0.40865384615384615 0.3894230769230769 0.04326923076923077
2 0.2824519230769231 0.5348557692307693 0.4423076923076923 0.23557692307692307
2 0.28365384615384615 0.31971153846153844 0.4423076923076923 0.14903846153846154
2 0.7307692307692307 0.30528846153846156 0.41586538461538464 0.125
2 0.27283653846153844 0.036057692307692304 0.42788461538461536 0.04807692307692308
2 0.33653846153846156 0.09975961538461539 0.13942307692307693 0.02403846153846154