2 0.2824519230769231 0.18269230769230768 0.4326923076923077 0.13221153846153846
2 0.7175480769230769 0.18870192307692307 0.42788461538461536 0.14423076923076922
2 0.7151442307692307 0.4050480769230769 0.4375 0.23557692307692307
2 0.23798076923076922 0.484375 0.35336538461538464 0.04567307692307692
3 0.4987980769230769 0.5865384615384616 0.8605769230769231 0.10096153846153846
2 0.8257211538461539 0.6862980769230769 0.20192307692307693 0.019230769230769232
2 0.8257211538461539 0.7427884615384616 0.19951923076923078 0.019230769230769232
2 0.27884615384615385 0.7632211538461539 0.42788461538461536 0.019230769230769232
2 0.19591346153846154 0.6574519230769231 0.25 0.036057692307692304
2 0.2536057692307692 0.29447115384615385 0.38221153846153844 0.04807692307692308
2 0.7283653846153846 0.037259615384615384 0.4375 0.052884615384615384
2 0.22596153846153846 0.025240384615384616 0.2860576923076923 0.04807692307692308
2 0.49399038461538464 0.9302884615384616 0.6658653846153846 0.038461538461538464
2 0.9158653846153846 0.9471153846153846 0.0625 0.014423076923076924