2 0.7175480769230769 0.18269230769230768 0.4326923076923077 0.13221153846153846
2 0.2824519230769231 0.18870192307692307 0.42788461538461536 0.14423076923076922
2 0.2848557692307692 0.4050480769230769 0.4375 0.23557692307692307
2 0.7620192307692307 0.484375 0.35336538461538464 0.04567307692307692
3 0.5012019230769231 0.5865384615384616 0.8605769230769231 0.10096153846153846
2 0.17427884615384615 0.6862980769230769 0.20192307692307693 0.019230769230769232
2 0.17427884615384615 0.7427884615384616 0.19951923076923078 0.019230769230769232
2 0.7211538461538461 0.7632211538461539 0.42788461538461536 0.019230769230769232
2 0.8040865384615384 0.6574519230769231 0.25 0.036057692307692304
2 0.7463942307692307 0.29447115384615385 0.38221153846153844 0.04807692307692308
2 0.27163461538461536 0.037259615384615384 0.4375 0.052884615384615384
2 0.7740384615384616 0.025240384615384616 0.2860576923076923 0.04807692307692308
2 0.5060096153846154 0.9302884615384616 0.6658653846153846 0.038461538461538464
2 0.08413461538461539 0.9471153846153846 0.0625 0.014423076923076924