3 0.5829326923076923 0.5060096153846154 0.42788461538461536 0.8942307692307693
2 0.8665865384615384 0.5072115384615384 0.07932692307692307 0.8990384615384616
2 0.9639423076923077 0.34975961538461536 0.03365384615384615 0.5865384615384616
2 0.9711538461538461 0.9002403846153846 0.019230769230769232 0.14423076923076922
2 0.3557692307692308 0.3545673076923077 0.019230769230769232 0.5913461538461539
2 0.3161057692307692 0.6923076923076923 0.019230769230769232 0.5384615384615384
2 0.22355769230769232 0.6658653846153846 0.052884615384615384 0.19230769230769232
2 0.09375 0.7596153846153846 0.0889423076923077 0.3942307692307692
2 0.14903846153846154 0.7223557692307693 0.016826923076923076 0.2980769230769231
2 0.040865384615384616 0.7584134615384616 0.014423076923076924 0.3076923076923077
2 0.06971153846153846 0.3629807692307692 0.07692307692307693 0.27163461538461536
2 0.1971153846153846 0.19471153846153846 0.07451923076923077 0.17067307692307693