3 0.5829326923076923 0.49399038461538464 0.42788461538461536 0.8942307692307693
2 0.8665865384615384 0.49278846153846156 0.07932692307692307 0.8990384615384616
2 0.9639423076923077 0.6502403846153846 0.03365384615384615 0.5865384615384616
2 0.9711538461538461 0.09975961538461539 0.019230769230769232 0.14423076923076922
2 0.3557692307692308 0.6454326923076923 0.019230769230769232 0.5913461538461539
2 0.3161057692307692 0.3076923076923077 0.019230769230769232 0.5384615384615384
2 0.22355769230769232 0.33413461538461536 0.052884615384615384 0.19230769230769232
2 0.09375 0.2403846153846154 0.0889423076923077 0.3942307692307692
2 0.14903846153846154 0.2776442307692308 0.016826923076923076 0.2980769230769231
2 0.040865384615384616 0.24158653846153846 0.014423076923076924 0.3076923076923077
2 0.06971153846153846 0.6370192307692307 0.07692307692307693 0.27163461538461536
2 0.1971153846153846 0.8052884615384616 0.07451923076923077 0.17067307692307693