3 0.7403846153846154 0.4987980769230769 0.08653846153846154 0.9423076923076923
2 0.9170673076923077 0.5901442307692307 0.08653846153846154 0.3004807692307692
2 0.828125 0.6935096153846154 0.08413461538461539 0.29086538461538464
2 0.8293269230769231 0.24158653846153846 0.08173076923076923 0.40865384615384615
2 0.9747596153846154 0.49158653846153844 0.021634615384615384 0.1875
2 0.21153846153846154 0.7632211538461539 0.11538461538461539 0.39663461538461536
2 0.21033653846153846 0.15985576923076922 0.11538461538461539 0.25961538461538464
2 0.12860576923076922 0.2920673076923077 0.04326923076923077 0.5240384615384616
2 0.05048076923076923 0.10576923076923077 0.021634615384615384 0.14903846153846154
2 0.09735576923076923 0.8173076923076923 0.02403846153846154 0.2692307692307692
2 0.037259615384615384 0.8653846153846154 0.02403846153846154 0.18269230769230768