3 0.4987980769230769 0.25961538461538464 0.9423076923076923 0.08653846153846154
2 0.5901442307692307 0.0829326923076923 0.3004807692307692 0.08653846153846154
2 0.6935096153846154 0.171875 0.29086538461538464 0.08413461538461539
2 0.24158653846153846 0.17067307692307693 0.40865384615384615 0.08173076923076923
2 0.49158653846153844 0.025240384615384616 0.1875 0.021634615384615384
2 0.7632211538461539 0.7884615384615384 0.39663461538461536 0.11538461538461539
2 0.15985576923076922 0.7896634615384616 0.25961538461538464 0.11538461538461539
2 0.2920673076923077 0.8713942307692307 0.5240384615384616 0.04326923076923077
2 0.10576923076923077 0.9495192307692307 0.14903846153846154 0.021634615384615384
2 0.8173076923076923 0.9026442307692307 0.2692307692307692 0.02403846153846154
2 0.8653846153846154 0.9627403846153846 0.18269230769230768 0.02403846153846154