3 0.6153846153846154 0.49158653846153844 0.22596153846153846 0.9086538461538461
2 0.38461538461538464 0.23798076923076922 0.057692307692307696 0.2980769230769231
2 0.38221153846153844 0.7139423076923077 0.15384615384615385 0.40865384615384615
2 0.46153846153846156 0.27163461538461536 0.06971153846153846 0.3173076923076923
2 0.30408653846153844 0.3016826923076923 0.08653846153846154 0.2956730769230769
2 0.14423076923076922 0.3245192307692308 0.0985576923076923 0.2548076923076923
2 0.14182692307692307 0.7115384615384616 0.0985576923076923 0.2644230769230769
2 0.05889423076923077 0.6658653846153846 0.038461538461538464 0.4519230769230769
2 0.8329326923076923 0.34134615384615385 0.10096153846153846 0.38461538461538464
2 0.8293269230769231 0.8245192307692307 0.10096153846153846 0.25240384615384615
2 0.9182692307692307 0.7980769230769231 0.0673076923076923 0.28846153846153844