3 0.7872596153846154 0.5012019230769231 0.28846153846153844 0.9230769230769231
2 0.051682692307692304 0.6622596153846154 0.0625 0.46153846153846156
2 0.17067307692307693 0.7151442307692307 0.12980769230769232 0.3701923076923077
2 0.16346153846153846 0.2668269230769231 0.10336538461538461 0.30528846153846156
2 0.3088942307692308 0.7848557692307693 0.125 0.22596153846153846
2 0.3088942307692308 0.2668269230769231 0.125 0.2956730769230769
2 0.4050480769230769 0.3004807692307692 0.052884615384615384 0.22596153846153846
2 0.41586538461538464 0.7632211538461539 0.0673076923076923 0.2644230769230769
2 0.5096153846153846 0.8701923076923077 0.0673076923076923 0.17067307692307693
2 0.5096153846153846 0.6322115384615384 0.0673076923076923 0.16346153846153846
2 0.5096153846153846 0.4026442307692308 0.0673076923076923 0.15625
2 0.5120192307692307 0.18269230769230768 0.0625 0.15384615384615385
2 0.5949519230769231 0.8737980769230769 0.0625 0.15144230769230768
2 0.9567307692307693 0.17067307692307693 0.028846153846153848 0.24519230769230768