2 0.44591346153846156 0.6526442307692307 0.125 0.3004807692307692
3 0.6826923076923077 0.4963942307692308 0.17307692307692307 0.9302884615384616
2 0.4411057692307692 0.3016826923076923 0.019230769230769232 0.32211538461538464
2 0.4014423076923077 0.14423076923076922 0.03365384615384615 0.22596153846153846
2 0.3317307692307692 0.1346153846153846 0.016826923076923076 0.20673076923076922
2 0.203125 0.25841346153846156 0.08653846153846154 0.4567307692307692
2 0.26802884615384615 0.2932692307692308 0.019230769230769232 0.3076923076923077
2 0.05889423076923077 0.18629807692307693 0.03365384615384615 0.16105769230769232
2 0.07211538461538461 0.8004807692307693 0.0625 0.3389423076923077
2 0.3317307692307692 0.8581730769230769 0.019230769230769232 0.22596153846153846
2 0.5817307692307693 0.26802884615384615 0.016826923076923076 0.4567307692307692
2 0.8137019230769231 0.7091346153846154 0.014423076923076924 0.49038461538461536
2 0.7800480769230769 0.17067307692307693 0.014423076923076924 0.24519230769230768
2 0.9230769230769231 0.12139423076923077 0.019230769230769232 0.15144230769230768
2 0.9771634615384616 0.10817307692307693 0.014423076923076924 0.125