2 0.5540865384615384 0.3473557692307692 0.125 0.3004807692307692
3 0.3173076923076923 0.5036057692307693 0.17307692307692307 0.9302884615384616
2 0.5588942307692307 0.6983173076923077 0.019230769230769232 0.32211538461538464
2 0.5985576923076923 0.8557692307692307 0.03365384615384615 0.22596153846153846
2 0.6682692307692307 0.8653846153846154 0.016826923076923076 0.20673076923076922
2 0.796875 0.7415865384615384 0.08653846153846154 0.4567307692307692
2 0.7319711538461539 0.7067307692307693 0.019230769230769232 0.3076923076923077
2 0.9411057692307693 0.8137019230769231 0.03365384615384615 0.16105769230769232
2 0.9278846153846154 0.19951923076923078 0.0625 0.3389423076923077
2 0.6682692307692307 0.14182692307692307 0.019230769230769232 0.22596153846153846
2 0.4182692307692308 0.7319711538461539 0.016826923076923076 0.4567307692307692
2 0.18629807692307693 0.29086538461538464 0.014423076923076924 0.49038461538461536
2 0.21995192307692307 0.8293269230769231 0.014423076923076924 0.24519230769230768
2 0.07692307692307693 0.8786057692307693 0.019230769230769232 0.15144230769230768
2 0.02283653846153846 0.8918269230769231 0.014423076923076924 0.125