3 0.16826923076923078 0.5012019230769231 0.055288461538461536 0.875
2 0.20552884615384615 0.12740384615384615 0.016826923076923076 0.125
2 0.20432692307692307 0.8954326923076923 0.01201923076923077 0.08413461538461539
2 0.23677884615384615 0.7872596153846154 0.03365384615384615 0.3076923076923077
2 0.34975961538461536 0.12139423076923077 0.021634615384615384 0.11298076923076923
2 0.3245192307692308 0.3173076923076923 0.01201923076923077 0.11538461538461539
2 0.3245192307692308 0.9158653846153846 0.009615384615384616 0.04807692307692308
2 0.34134615384615385 0.8990384615384616 0.014423076923076924 0.05048076923076923
2 0.09615384615384616 0.21033653846153846 0.0625 0.28846153846153844
2 0.10216346153846154 0.49038461538461536 0.07451923076923077 0.25961538461538464
2 0.046875 0.8930288461538461 0.014423076923076924 0.09615384615384616
2 0.09134615384615384 0.8918269230769231 0.052884615384615384 0.0985576923076923
2 0.05048076923076923 0.6286057692307693 0.021634615384615384 0.19471153846153846
2 0.05048076923076923 0.41947115384615385 0.019230769230769232 0.18269230769230768
2 0.05048076923076923 0.22355769230769232 0.019230769230769232 0.14423076923076922