3 0.4987980769230769 0.16826923076923078 0.875 0.055288461538461536
2 0.8725961538461539 0.20552884615384615 0.125 0.016826923076923076
2 0.1045673076923077 0.20432692307692307 0.08413461538461539 0.01201923076923077
2 0.2127403846153846 0.23677884615384615 0.3076923076923077 0.03365384615384615
2 0.8786057692307693 0.34975961538461536 0.11298076923076923 0.021634615384615384
2 0.6826923076923077 0.3245192307692308 0.11538461538461539 0.01201923076923077
2 0.08413461538461539 0.3245192307692308 0.04807692307692308 0.009615384615384616
2 0.10096153846153846 0.34134615384615385 0.05048076923076923 0.014423076923076924
2 0.7896634615384616 0.09615384615384616 0.28846153846153844 0.0625
2 0.5096153846153846 0.10216346153846154 0.25961538461538464 0.07451923076923077
2 0.10697115384615384 0.046875 0.09615384615384616 0.014423076923076924
2 0.10817307692307693 0.09134615384615384 0.0985576923076923 0.052884615384615384
2 0.3713942307692308 0.05048076923076923 0.19471153846153846 0.021634615384615384
2 0.5805288461538461 0.05048076923076923 0.18269230769230768 0.019230769230769232
2 0.7764423076923077 0.05048076923076923 0.14423076923076922 0.019230769230769232