3 0.22596153846153846 0.5048076923076923 0.13221153846153846 0.9375
2 0.33413461538461536 0.10576923076923077 0.028846153846153848 0.1346153846153846
2 0.33533653846153844 0.9278846153846154 0.014423076923076924 0.08653846153846154
2 0.3870192307692308 0.6670673076923077 0.055288461538461536 0.6201923076923077
2 0.4423076923076923 0.9507211538461539 0.01201923076923077 0.04807692307692308
2 0.4639423076923077 0.9302884615384616 0.016826923076923076 0.052884615384615384
2 0.4639423076923077 0.25721153846153844 0.057692307692307696 0.22115384615384615
2 0.08653846153846154 0.23197115384615385 0.057692307692307696 0.23317307692307693
2 0.08653846153846154 0.5060096153846154 0.057692307692307696 0.25721153846153844
2 0.03485576923076923 0.41586538461538464 0.028846153846153848 0.19471153846153846
2 0.03485576923076923 0.22235576923076922 0.028846153846153848 0.125
2 0.03485576923076923 0.6418269230769231 0.028846153846153848 0.2091346153846154
2 0.08533653846153846 0.8473557692307693 0.0625 0.25721153846153844
2 0.028846153846153848 0.9242788461538461 0.016826923076923076 0.0985576923076923