3 0.7740384615384616 0.5048076923076923 0.13221153846153846 0.9375
2 0.6658653846153846 0.10576923076923077 0.028846153846153848 0.1346153846153846
2 0.6646634615384616 0.9278846153846154 0.014423076923076924 0.08653846153846154
2 0.6129807692307693 0.6670673076923077 0.055288461538461536 0.6201923076923077
2 0.5576923076923077 0.9507211538461539 0.01201923076923077 0.04807692307692308
2 0.5360576923076923 0.9302884615384616 0.016826923076923076 0.052884615384615384
2 0.5360576923076923 0.25721153846153844 0.057692307692307696 0.22115384615384615
2 0.9134615384615384 0.23197115384615385 0.057692307692307696 0.23317307692307693
2 0.9134615384615384 0.5060096153846154 0.057692307692307696 0.25721153846153844
2 0.9651442307692307 0.41586538461538464 0.028846153846153848 0.19471153846153846
2 0.9651442307692307 0.22235576923076922 0.028846153846153848 0.125
2 0.9651442307692307 0.6418269230769231 0.028846153846153848 0.2091346153846154
2 0.9146634615384616 0.8473557692307693 0.0625 0.25721153846153844
2 0.9711538461538461 0.9242788461538461 0.016826923076923076 0.0985576923076923