3 0.2692307692307692 0.4951923076923077 0.21394230769230768 0.9375
2 0.3918269230769231 0.07211538461538461 0.019230769230769232 0.09134615384615384
2 0.036057692307692304 0.7788461538461539 0.03125 0.12980769230769232
2 0.08653846153846154 0.7848557692307693 0.0625 0.2692307692307692
2 0.08533653846153846 0.49759615384615385 0.0625 0.2668269230769231
2 0.08533653846153846 0.1310096153846154 0.0625 0.21634615384615385
2 0.030048076923076924 0.07451923076923077 0.021634615384615384 0.10336538461538461
2 0.03485576923076923 0.3557692307692308 0.03365384615384615 0.21153846153846154
2 0.03485576923076923 0.5817307692307693 0.03365384615384615 0.20192307692307693
2 0.390625 0.8894230769230769 0.02403846153846154 0.1466346153846154
2 0.4411057692307692 0.33413461538461536 0.057692307692307696 0.6201923076923077
2 0.5192307692307693 0.7548076923076923 0.057692307692307696 0.24519230769230768
2 0.4987980769230769 0.04927884615384615 0.01201923076923077 0.04807692307692308
2 0.5204326923076923 0.06971153846153846 0.019230769230769232 0.052884615384615384