3 0.7307692307692307 0.5048076923076923 0.21394230769230768 0.9375
2 0.6081730769230769 0.9278846153846154 0.019230769230769232 0.09134615384615384
2 0.9639423076923077 0.22115384615384615 0.03125 0.12980769230769232
2 0.9134615384615384 0.21514423076923078 0.0625 0.2692307692307692
2 0.9146634615384616 0.5024038461538461 0.0625 0.2668269230769231
2 0.9146634615384616 0.8689903846153846 0.0625 0.21634615384615385
2 0.9699519230769231 0.9254807692307693 0.021634615384615384 0.10336538461538461
2 0.9651442307692307 0.6442307692307693 0.03365384615384615 0.21153846153846154
2 0.9651442307692307 0.4182692307692308 0.03365384615384615 0.20192307692307693
2 0.609375 0.11057692307692307 0.02403846153846154 0.1466346153846154
2 0.5588942307692307 0.6658653846153846 0.057692307692307696 0.6201923076923077
2 0.4807692307692308 0.24519230769230768 0.057692307692307696 0.24519230769230768
2 0.5012019230769231 0.9507211538461539 0.01201923076923077 0.04807692307692308
2 0.4795673076923077 0.9302884615384616 0.019230769230769232 0.052884615384615384