3 0.4987980769230769 0.4891826923076923 0.84375 0.10817307692307693
2 0.8425480769230769 0.056490384615384616 0.16346153846153846 0.028846153846153848
2 0.2512019230769231 0.0673076923076923 0.3557692307692308 0.016826923076923076
2 0.25 0.10096153846153846 0.35336538461538464 0.016826923076923076
2 0.3088942307692308 0.21995192307692307 0.2403846153846154 0.13942307692307693
2 0.8137019230769231 0.265625 0.23557692307692307 0.23557692307692307
2 0.8713942307692307 0.41586538461538464 0.10096153846153846 0.016826923076923076
2 0.3317307692307692 0.5805288461538461 0.4951923076923077 0.05048076923076923
2 0.3329326923076923 0.6322115384615384 0.49278846153846156 0.02403846153846154
2 0.5012019230769231 0.6935096153846154 0.14903846153846154 0.019230769230769232
2 0.8509615384615384 0.6947115384615384 0.14903846153846154 0.019230769230769232
2 0.515625 0.8353365384615384 0.8341346153846154 0.08653846153846154
2 0.7199519230769231 0.9735576923076923 0.42788461538461536 0.019230769230769232
2 0.1310096153846154 0.9711538461538461 0.1201923076923077 0.026442307692307692