3 0.4891826923076923 0.5012019230769231 0.10817307692307693 0.84375
2 0.056490384615384616 0.15745192307692307 0.028846153846153848 0.16346153846153846
2 0.0673076923076923 0.7487980769230769 0.016826923076923076 0.3557692307692308
2 0.10096153846153846 0.75 0.016826923076923076 0.35336538461538464
2 0.21995192307692307 0.6911057692307693 0.13942307692307693 0.2403846153846154
2 0.265625 0.18629807692307693 0.23557692307692307 0.23557692307692307
2 0.41586538461538464 0.12860576923076922 0.016826923076923076 0.10096153846153846
2 0.5805288461538461 0.6682692307692307 0.05048076923076923 0.4951923076923077
2 0.6322115384615384 0.6670673076923077 0.02403846153846154 0.49278846153846156
2 0.6935096153846154 0.4987980769230769 0.019230769230769232 0.14903846153846154
2 0.6947115384615384 0.14903846153846154 0.019230769230769232 0.14903846153846154
2 0.8353365384615384 0.484375 0.08653846153846154 0.8341346153846154
2 0.9735576923076923 0.2800480769230769 0.019230769230769232 0.42788461538461536
2 0.9711538461538461 0.8689903846153846 0.026442307692307692 0.1201923076923077