3 0.41346153846153844 0.5 0.16826923076923078 0.8701923076923077
2 0.25841346153846156 0.27524038461538464 0.12980769230769232 0.32211538461538464
2 0.30649038461538464 0.8185096153846154 0.016826923076923076 0.2403846153846154
2 0.265625 0.7355769230769231 0.028846153846153848 0.35336538461538464
2 0.125 0.7067307692307693 0.019230769230769232 0.46634615384615385
2 0.026442307692307692 0.734375 0.016826923076923076 0.4230769230769231
2 0.22716346153846154 0.7824519230769231 0.019230769230769232 0.3125
2 0.19471153846153846 0.8629807692307693 0.019230769230769232 0.15384615384615385
2 0.027644230769230768 0.11658653846153846 0.02403846153846154 0.1201923076923077
2 0.6081730769230769 0.34975961538461536 0.11778846153846154 0.3004807692307692
2 0.59375 0.7872596153846154 0.14423076923076922 0.3076923076923077
2 0.7644230769230769 0.29927884615384615 0.15865384615384615 0.40384615384615385
2 0.7632211538461539 0.7403846153846154 0.15865384615384615 0.40384615384615385
2 0.9134615384615384 0.43149038461538464 0.07932692307692307 0.40865384615384615
2 0.8737980769230769 0.8617788461538461 0.009615384615384616 0.10576923076923077