3 0.5 0.5865384615384616 0.8701923076923077 0.16826923076923078
2 0.7247596153846154 0.7415865384615384 0.32211538461538464 0.12980769230769232
2 0.1814903846153846 0.6935096153846154 0.2403846153846154 0.016826923076923076
2 0.2644230769230769 0.734375 0.35336538461538464 0.028846153846153848
2 0.2932692307692308 0.875 0.46634615384615385 0.019230769230769232
2 0.265625 0.9735576923076923 0.4230769230769231 0.016826923076923076
2 0.21754807692307693 0.7728365384615384 0.3125 0.019230769230769232
2 0.13701923076923078 0.8052884615384616 0.15384615384615385 0.019230769230769232
2 0.8834134615384616 0.9723557692307693 0.1201923076923077 0.02403846153846154
2 0.6502403846153846 0.3918269230769231 0.3004807692307692 0.11778846153846154
2 0.2127403846153846 0.40625 0.3076923076923077 0.14423076923076922
2 0.7007211538461539 0.23557692307692307 0.40384615384615385 0.15865384615384615
2 0.25961538461538464 0.23677884615384615 0.40384615384615385 0.15865384615384615
2 0.5685096153846154 0.08653846153846154 0.40865384615384615 0.07932692307692307
2 0.13822115384615385 0.12620192307692307 0.10576923076923077 0.009615384615384616