3 0.41346153846153844 0.5 0.16826923076923078 0.8701923076923077
2 0.25841346153846156 0.7247596153846154 0.12980769230769232 0.32211538461538464
2 0.30649038461538464 0.1814903846153846 0.016826923076923076 0.2403846153846154
2 0.265625 0.2644230769230769 0.028846153846153848 0.35336538461538464
2 0.125 0.2932692307692308 0.019230769230769232 0.46634615384615385
2 0.026442307692307692 0.265625 0.016826923076923076 0.4230769230769231
2 0.22716346153846154 0.21754807692307693 0.019230769230769232 0.3125
2 0.19471153846153846 0.13701923076923078 0.019230769230769232 0.15384615384615385
2 0.027644230769230768 0.8834134615384616 0.02403846153846154 0.1201923076923077
2 0.6081730769230769 0.6502403846153846 0.11778846153846154 0.3004807692307692
2 0.59375 0.2127403846153846 0.14423076923076922 0.3076923076923077
2 0.7644230769230769 0.7007211538461539 0.15865384615384615 0.40384615384615385
2 0.7632211538461539 0.25961538461538464 0.15865384615384615 0.40384615384615385
2 0.9134615384615384 0.5685096153846154 0.07932692307692307 0.40865384615384615
2 0.8737980769230769 0.13822115384615385 0.009615384615384616 0.10576923076923077