3 0.4338942307692308 0.47716346153846156 0.1875 0.7860576923076923
2 0.6033653846153846 0.6959134615384616 0.11538461538461539 0.3317307692307692
2 0.71875 0.24879807692307693 0.026442307692307692 0.3701923076923077
2 0.8786057692307693 0.49759615384615385 0.0673076923076923 0.6346153846153846
2 0.9759615384615384 0.13822115384615385 0.03365384615384615 0.24519230769230768
2 0.09254807692307693 0.2776442307692308 0.04326923076923077 0.40865384615384615
2 0.1201923076923077 0.7944711538461539 0.08413461538461539 0.18269230769230768
2 0.25 0.7439903846153846 0.08173076923076923 0.27163461538461536
2 0.14182692307692307 0.19591346153846154 0.016826923076923076 0.24519230769230768
2 0.16826923076923078 0.19951923076923078 0.019230769230769232 0.24519230769230768
2 0.25721153846153844 0.22115384615384615 0.09615384615384616 0.30528846153846156
2 0.9855769230769231 0.9314903846153846 0.009615384615384616 0.06971153846153846
2 0.9663461538461539 0.9158653846153846 0.016826923076923076 0.11057692307692307