3 0.5012019230769231 0.5144230769230769 0.9423076923076923 0.31971153846153844
2 0.2932692307692308 0.07572115384615384 0.21153846153846154 0.09375
2 0.8185096153846154 0.07451923076923077 0.2932692307692308 0.09134615384615384
2 0.5144230769230769 0.09254807692307693 0.16105769230769232 0.016826923076923076
2 0.10817307692307693 0.09254807692307693 0.15384615384615385 0.019230769230769232
2 0.20432692307692307 0.17307692307692307 0.31971153846153844 0.04807692307692308
2 0.17668269230769232 0.2848557692307692 0.2692307692307692 0.10096153846153846
2 0.41346153846153844 0.3112980769230769 0.13221153846153846 0.038461538461538464
2 0.640625 0.28125 0.2980769230769231 0.0985576923076923
2 0.8497596153846154 0.3016826923076923 0.10336538461538461 0.014423076923076924
2 0.8076923076923077 0.875 0.3173076923076923 0.11778846153846154
2 0.7259615384615384 0.9675480769230769 0.16346153846153846 0.016826923076923076
2 0.9158653846153846 0.9675480769230769 0.07451923076923077 0.019230769230769232
2 0.31850961538461536 0.8269230769230769 0.28365384615384615 0.019230769230769232