3 0.5576923076923077 0.5024038461538461 0.5745192307692307 0.2932692307692308
2 0.3629807692307692 0.7091346153846154 0.14903846153846154 0.06971153846153846
2 0.3629807692307692 0.7800480769230769 0.14423076923076922 0.019230769230769232
2 0.5649038461538461 0.7127403846153846 0.125 0.07692307692307693
2 0.7752403846153846 0.7139423076923077 0.15144230769230768 0.07692307692307693
2 0.7632211538461539 0.8125 0.1778846153846154 0.019230769230769232
2 0.7055288461538461 0.8942307692307693 0.28846153846153844 0.07451923076923077
2 0.3641826923076923 0.27403846153846156 0.13942307692307693 0.10576923076923077
2 0.7824519230769231 0.27403846153846156 0.13942307692307693 0.10576923076923077
2 0.7668269230769231 0.09254807692307693 0.10817307692307693 0.036057692307692304
2 0.36538461538461536 0.09495192307692307 0.1346153846153846 0.07211538461538461