3 0.5024038461538461 0.4423076923076923 0.2932692307692308 0.5745192307692307
2 0.7091346153846154 0.6370192307692307 0.06971153846153846 0.14903846153846154
2 0.7800480769230769 0.6370192307692307 0.019230769230769232 0.14423076923076922
2 0.7127403846153846 0.43509615384615385 0.07692307692307693 0.125
2 0.7139423076923077 0.2247596153846154 0.07692307692307693 0.15144230769230768
2 0.8125 0.23677884615384615 0.019230769230769232 0.1778846153846154
2 0.8942307692307693 0.29447115384615385 0.07451923076923077 0.28846153846153844
2 0.27403846153846156 0.6358173076923077 0.10576923076923077 0.13942307692307693
2 0.27403846153846156 0.21754807692307693 0.10576923076923077 0.13942307692307693
2 0.09254807692307693 0.23317307692307693 0.036057692307692304 0.10817307692307693
2 0.09495192307692307 0.6346153846153846 0.07211538461538461 0.13701923076923078