3 0.5757211538461539 0.5036057692307693 0.2860576923076923 0.5
2 0.7463942307692307 0.5012019230769231 0.04567307692307692 0.47836538461538464
2 0.7848557692307693 0.5012019230769231 0.021634615384615384 0.47596153846153844
2 0.8197115384615384 0.6538461538461539 0.02403846153846154 0.1658653846153846
2 0.8629807692307693 0.5012019230769231 0.04567307692307692 0.4735576923076923
2 0.9026442307692307 0.6959134615384616 0.014423076923076924 0.0889423076923077
2 0.9038461538461539 0.5661057692307693 0.019230769230769232 0.07932692307692307
2 0.9399038461538461 0.6298076923076923 0.021634615384615384 0.22115384615384615
2 0.03245192307692308 0.5060096153846154 0.03365384615384615 0.2980769230769231
2 0.18389423076923078 0.4387019230769231 0.026442307692307692 0.10576923076923077
2 0.23317307692307693 0.5144230769230769 0.052884615384615384 0.4567307692307692
2 0.2980769230769231 0.5072115384615384 0.021634615384615384 0.1466346153846154
2 0.3293269230769231 0.5072115384615384 0.021634615384615384 0.08653846153846154
2 0.38221153846153844 0.6189903846153846 0.06971153846153846 0.25721153846153844