3 0.4963942307692308 0.5757211538461539 0.5 0.2860576923076923
2 0.4987980769230769 0.7463942307692307 0.47836538461538464 0.04567307692307692
2 0.4987980769230769 0.7848557692307693 0.47596153846153844 0.021634615384615384
2 0.34615384615384615 0.8197115384615384 0.16826923076923078 0.02403846153846154
2 0.4987980769230769 0.8629807692307693 0.4735576923076923 0.04567307692307692
2 0.30408653846153844 0.9026442307692307 0.09134615384615384 0.014423076923076924
2 0.4338942307692308 0.9038461538461539 0.07932692307692307 0.019230769230769232
2 0.3701923076923077 0.9399038461538461 0.22115384615384615 0.021634615384615384
2 0.49399038461538464 0.03245192307692308 0.2980769230769231 0.03365384615384615
2 0.5612980769230769 0.18389423076923078 0.10576923076923077 0.026442307692307692
2 0.4855769230769231 0.23317307692307693 0.4567307692307692 0.052884615384615384
2 0.49278846153846156 0.2980769230769231 0.1466346153846154 0.021634615384615384
2 0.49278846153846156 0.3293269230769231 0.08653846153846154 0.021634615384615384
2 0.38100961538461536 0.38221153846153844 0.25721153846153844 0.06971153846153846