3 0.5012019230769231 0.5240384615384616 0.9831730769230769 0.30528846153846156
2 0.21394230769230768 0.8774038461538461 0.40865384615384615 0.052884615384615384
2 0.22235576923076922 0.6959134615384616 0.42788461538461536 0.036057692307692304
2 0.9591346153846154 0.6850961538461539 0.0625 0.01201923076923077
2 0.7295673076923077 0.1346153846153846 0.46153846153846156 0.1971153846153846
2 0.5793269230769231 0.2620192307692308 0.15384615384615385 0.016826923076923076
2 0.09495192307692307 0.1935096153846154 0.16826923076923078 0.08173076923076923
2 0.2620192307692308 0.08173076923076923 0.21634615384615385 0.08413461538461539
2 0.4963942307692308 0.02403846153846154 0.10576923076923077 0.019230769230769232
2 0.4951923076923077 0.9819711538461539 0.32211538461538464 0.014423076923076924
2 0.9411057692307693 0.9134615384615384 0.09134615384615384 0.01201923076923077
2 0.9098557692307693 0.9567307692307693 0.16346153846153846 0.014423076923076924