3 0.3737980769230769 0.4987980769230769 0.19951923076923078 0.9278846153846154
2 0.06850961538461539 0.3737980769230769 0.08173076923076923 0.47115384615384615
2 0.20192307692307693 0.13701923076923078 0.036057692307692304 0.1658653846153846
2 0.140625 0.5012019230769231 0.016826923076923076 0.17548076923076922
2 0.22115384615384615 0.6778846153846154 0.07211538461538461 0.5360576923076923
2 0.6165865384615384 0.21514423076923078 0.06971153846153846 0.32211538461538464
2 0.6814903846153846 0.234375 0.016826923076923076 0.3701923076923077
2 0.7644230769230769 0.18028846153846154 0.019230769230769232 0.24278846153846154
2 0.8040865384615384 0.1814903846153846 0.019230769230769232 0.18269230769230768
2 0.7932692307692307 0.6262019230769231 0.07692307692307693 0.5841346153846154
2 0.625 0.8605769230769231 0.057692307692307696 0.1778846153846154
2 0.6838942307692307 0.7716346153846154 0.014423076923076924 0.3581730769230769
2 0.7367788461538461 0.8653846153846154 0.016826923076923076 0.15625
2 0.5745192307692307 0.8581730769230769 0.014423076923076924 0.1658653846153846