3 0.5012019230769231 0.3737980769230769 0.9278846153846154 0.19951923076923078
2 0.6262019230769231 0.06850961538461539 0.47115384615384615 0.08173076923076923
2 0.8629807692307693 0.20192307692307693 0.1658653846153846 0.036057692307692304
2 0.4987980769230769 0.140625 0.17548076923076922 0.016826923076923076
2 0.32211538461538464 0.22115384615384615 0.5360576923076923 0.07211538461538461
2 0.7848557692307693 0.6165865384615384 0.32211538461538464 0.06971153846153846
2 0.765625 0.6814903846153846 0.3701923076923077 0.016826923076923076
2 0.8197115384615384 0.7644230769230769 0.24278846153846154 0.019230769230769232
2 0.8185096153846154 0.8040865384615384 0.18269230769230768 0.019230769230769232
2 0.3737980769230769 0.7932692307692307 0.5841346153846154 0.07692307692307693
2 0.13942307692307693 0.625 0.1778846153846154 0.057692307692307696
2 0.2283653846153846 0.6838942307692307 0.3581730769230769 0.014423076923076924
2 0.1346153846153846 0.7367788461538461 0.15625 0.016826923076923076
2 0.14182692307692307 0.5745192307692307 0.1658653846153846 0.014423076923076924