3 0.5637019230769231 0.5012019230769231 0.19230769230769232 0.7572115384615384
2 0.8954326923076923 0.49278846153846156 0.016826923076923076 0.16346153846153846
2 0.8786057692307693 0.7980769230769231 0.016826923076923076 0.15144230769230768
2 0.8413461538461539 0.7980769230769231 0.016826923076923076 0.15865384615384615
2 0.8197115384615384 0.8449519230769231 0.016826923076923076 0.0673076923076923
2 0.8798076923076923 0.19591346153846154 0.019230769230769232 0.15384615384615385
2 0.9651442307692307 0.5012019230769231 0.04326923076923077 0.7163461538461539
2 0.7848557692307693 0.27163461538461536 0.014423076923076924 0.3004807692307692
2 0.3894230769230769 0.1466346153846154 0.014423076923076924 0.04567307692307692
2 0.4338942307692308 0.1971153846153846 0.014423076923076924 0.14423076923076922
2 0.36538461538461536 0.4987980769230769 0.014423076923076924 0.125
2 0.4050480769230769 0.6947115384615384 0.04807692307692308 0.20673076923076922
2 0.28725961538461536 0.2668269230769231 0.014423076923076924 0.13701923076923078
2 0.026442307692307692 0.8569711538461539 0.04326923076923077 0.21153846153846154
2 0.19110576923076922 0.5168269230769231 0.04326923076923077 0.3485576923076923
2 0.06610576923076923 0.125 0.014423076923076924 0.125
2 0.28725961538461536 0.7908653846153846 0.014423076923076924 0.16826923076923078
2 0.265625 0.4987980769230769 0.014423076923076924 0.25961538461538464
2 0.31490384615384615 0.5360576923076923 0.02403846153846154 0.21634615384615385
2 0.3425480769230769 0.5360576923076923 0.016826923076923076 0.6778846153846154
2 0.7836538461538461 0.7379807692307693 0.016826923076923076 0.27403846153846156
2 0.7307692307692307 0.7848557692307693 0.07692307692307693 0.1875
2 0.7235576923076923 0.21634615384615385 0.09134615384615384 0.1875
2 0.6682692307692307 0.4026442307692308 0.014423076923076924 0.5576923076923077