3 0.4987980769230769 0.5637019230769231 0.7572115384615384 0.19230769230769232
2 0.5072115384615384 0.8954326923076923 0.16346153846153846 0.016826923076923076
2 0.20192307692307693 0.8786057692307693 0.15144230769230768 0.016826923076923076
2 0.20192307692307693 0.8413461538461539 0.15865384615384615 0.016826923076923076
2 0.15504807692307693 0.8197115384615384 0.0673076923076923 0.016826923076923076
2 0.8040865384615384 0.8798076923076923 0.15384615384615385 0.019230769230769232
2 0.4987980769230769 0.9651442307692307 0.7163461538461539 0.04326923076923077
2 0.7283653846153846 0.7848557692307693 0.3004807692307692 0.014423076923076924
2 0.8533653846153846 0.3894230769230769 0.04567307692307692 0.014423076923076924
2 0.8028846153846154 0.4338942307692308 0.14423076923076922 0.014423076923076924
2 0.5012019230769231 0.36538461538461536 0.125 0.014423076923076924
2 0.30528846153846156 0.4050480769230769 0.20673076923076922 0.04807692307692308
2 0.7331730769230769 0.28725961538461536 0.13701923076923078 0.014423076923076924
2 0.14302884615384615 0.026442307692307692 0.21153846153846154 0.04326923076923077
2 0.4831730769230769 0.19110576923076922 0.3485576923076923 0.04326923076923077
2 0.875 0.06610576923076923 0.125 0.014423076923076924
2 0.2091346153846154 0.28725961538461536 0.16826923076923078 0.014423076923076924
2 0.5012019230769231 0.265625 0.25961538461538464 0.014423076923076924
2 0.4639423076923077 0.31490384615384615 0.21634615384615385 0.02403846153846154
2 0.4639423076923077 0.3425480769230769 0.6778846153846154 0.016826923076923076
2 0.2620192307692308 0.7836538461538461 0.27403846153846156 0.016826923076923076
2 0.21514423076923078 0.7307692307692307 0.1875 0.07692307692307693
2 0.7836538461538461 0.7235576923076923 0.1875 0.09134615384615384
2 0.5973557692307693 0.6682692307692307 0.5576923076923077 0.014423076923076924