3 0.46153846153846156 0.5012019230769231 0.09375 0.9903846153846154
2 0.5192307692307693 0.03485576923076923 0.014423076923076924 0.04807692307692308
2 0.5396634615384616 0.22716346153846154 0.014423076923076924 0.13942307692307693
2 0.5408653846153846 0.38100961538461536 0.014423076923076924 0.13942307692307693
2 0.6574519230769231 0.09134615384615384 0.07451923076923077 0.16346153846153846
2 0.7079326923076923 0.09014423076923077 0.014423076923076924 0.16105769230769232
2 0.7584134615384616 0.08774038461538461 0.036057692307692304 0.15865384615384615
2 0.7572115384615384 0.4387019230769231 0.038461538461538464 0.16105769230769232
2 0.8341346153846154 0.7295673076923077 0.04807692307692308 0.5384615384615384
2 0.9735576923076923 0.5024038461538461 0.02403846153846154 0.21153846153846154
2 0.9314903846153846 0.08413461538461539 0.02403846153846154 0.15865384615384615
2 0.28725961538461536 0.8774038461538461 0.1201923076923077 0.24519230769230768
2 0.38100961538461536 0.5012019230769231 0.02403846153846154 0.22115384615384615
2 0.28125 0.08413461538461539 0.04326923076923077 0.16105769230769232
2 0.1466346153846154 0.5024038461538461 0.2091346153846154 0.40865384615384615
2 0.019230769230769232 0.5012019230769231 0.02403846153846154 0.15865384615384615