3 0.5384615384615384 0.4987980769230769 0.09375 0.9903846153846154
2 0.4807692307692308 0.9651442307692307 0.014423076923076924 0.04807692307692308
2 0.46033653846153844 0.7728365384615384 0.014423076923076924 0.13942307692307693
2 0.45913461538461536 0.6189903846153846 0.014423076923076924 0.13942307692307693
2 0.3425480769230769 0.9086538461538461 0.07451923076923077 0.16346153846153846
2 0.2920673076923077 0.9098557692307693 0.014423076923076924 0.16105769230769232
2 0.24158653846153846 0.9122596153846154 0.036057692307692304 0.15865384615384615
2 0.24278846153846154 0.5612980769230769 0.038461538461538464 0.16105769230769232
2 0.1658653846153846 0.2704326923076923 0.04807692307692308 0.5384615384615384
2 0.026442307692307692 0.49759615384615385 0.02403846153846154 0.21153846153846154
2 0.06850961538461539 0.9158653846153846 0.02403846153846154 0.15865384615384615
2 0.7127403846153846 0.12259615384615384 0.1201923076923077 0.24519230769230768
2 0.6189903846153846 0.4987980769230769 0.02403846153846154 0.22115384615384615
2 0.71875 0.9158653846153846 0.04326923076923077 0.16105769230769232
2 0.8533653846153846 0.49759615384615385 0.2091346153846154 0.40865384615384615
2 0.9807692307692307 0.4987980769230769 0.02403846153846154 0.15865384615384615