3 0.4651442307692308 0.5024038461538461 0.28846153846153844 0.9134615384615384
2 0.6742788461538461 0.18629807692307693 0.11538461538461539 0.27884615384615385
2 0.7211538461538461 0.41346153846153844 0.019230769230769232 0.13221153846153846
2 0.8557692307692307 0.1310096153846154 0.038461538461538464 0.1778846153846154
2 0.9447115384615384 0.5012019230769231 0.019230769230769232 0.4639423076923077
2 0.05889423076923077 0.1201923076923077 0.07451923076923077 0.15865384615384615
2 0.18389423076923078 0.1502403846153846 0.07692307692307693 0.16105769230769232
2 0.2824519230769231 0.16346153846153846 0.019230769230769232 0.12980769230769232
2 0.28125 0.4879807692307692 0.021634615384615384 0.21634615384615385
2 0.2824519230769231 0.8846153846153846 0.021634615384615384 0.15384615384615385
2 0.18389423076923078 0.5168269230769231 0.07451923076923077 0.15625
2 0.16466346153846154 0.90625 0.040865384615384616 0.11057692307692307
2 0.2091346153846154 0.9050480769230769 0.019230769230769232 0.11057692307692307
2 0.12980769230769232 0.5012019230769231 0.019230769230769232 0.10576923076923077
2 0.06610576923076923 0.7319711538461539 0.08173076923076923 0.2548076923076923