3 0.5348557692307693 0.49759615384615385 0.28846153846153844 0.9134615384615384
2 0.32572115384615385 0.8137019230769231 0.11538461538461539 0.27884615384615385
2 0.27884615384615385 0.5865384615384616 0.019230769230769232 0.13221153846153846
2 0.14423076923076922 0.8689903846153846 0.038461538461538464 0.1778846153846154
2 0.055288461538461536 0.4987980769230769 0.019230769230769232 0.4639423076923077
2 0.9411057692307693 0.8798076923076923 0.07451923076923077 0.15865384615384615
2 0.8161057692307693 0.8497596153846154 0.07692307692307693 0.16105769230769232
2 0.7175480769230769 0.8365384615384616 0.019230769230769232 0.13221153846153846
2 0.71875 0.5120192307692307 0.021634615384615384 0.21634615384615385
2 0.7175480769230769 0.11538461538461539 0.021634615384615384 0.15384615384615385
2 0.8161057692307693 0.4831730769230769 0.07451923076923077 0.15625
2 0.8353365384615384 0.09375 0.040865384615384616 0.11057692307692307
2 0.7908653846153846 0.09495192307692307 0.019230769230769232 0.11057692307692307
2 0.8701923076923077 0.4987980769230769 0.019230769230769232 0.10576923076923077
2 0.9338942307692307 0.26802884615384615 0.08173076923076923 0.2548076923076923