3 0.4987980769230769 0.3581730769230769 0.8581730769230769 0.23076923076923078
2 0.4951923076923077 0.49759615384615385 0.8509615384615384 0.028846153846153848
2 0.7776442307692307 0.5709134615384616 0.30288461538461536 0.03365384615384615
2 0.8822115384615384 0.625 0.08653846153846154 0.028846153846153848
2 0.7536057692307693 0.6802884615384616 0.35096153846153844 0.057692307692307696
2 0.42427884615384615 0.6237980769230769 0.0889423076923077 0.028846153846153848
2 0.41466346153846156 0.6658653846153846 0.10096153846153846 0.028846153846153848
2 0.19110576923076922 0.7463942307692307 0.10096153846153846 0.03125
2 0.4855769230769231 0.7463942307692307 0.14182692307692307 0.03125
2 0.8401442307692307 0.7463942307692307 0.18269230769230768 0.03125
2 0.7596153846153846 0.7908653846153846 0.35096153846153844 0.016826923076923076
2 0.2403846153846154 0.10817307692307693 0.1201923076923077 0.016826923076923076
2 0.2824519230769231 0.15264423076923078 0.07932692307692307 0.028846153846153848
2 0.1466346153846154 0.15264423076923078 0.057692307692307696 0.026442307692307692
2 0.2668269230769231 0.21033653846153846 0.11298076923076923 0.028846153846153848
2 0.42788461538461536 0.21153846153846154 0.08653846153846154 0.028846153846153848
2 0.43028846153846156 0.15264423076923078 0.07932692307692307 0.028846153846153848
2 0.7115384615384616 0.16826923076923078 0.4326923076923077 0.0625
2 0.7079326923076923 0.06129807692307692 0.15144230769230768 0.016826923076923076
2 0.84375 0.11057692307692307 0.18269230769230768 0.021634615384615384