3 0.6418269230769231 0.4987980769230769 0.23076923076923078 0.8581730769230769
2 0.5024038461538461 0.4951923076923077 0.028846153846153848 0.8509615384615384
2 0.42908653846153844 0.7776442307692307 0.03365384615384615 0.30288461538461536
2 0.375 0.8822115384615384 0.028846153846153848 0.08653846153846154
2 0.31971153846153844 0.7536057692307693 0.057692307692307696 0.35096153846153844
2 0.3762019230769231 0.42427884615384615 0.028846153846153848 0.0889423076923077
2 0.33413461538461536 0.41466346153846156 0.028846153846153848 0.10096153846153846
2 0.2536057692307692 0.19110576923076922 0.03125 0.10096153846153846
2 0.2536057692307692 0.4855769230769231 0.03125 0.14182692307692307
2 0.2536057692307692 0.8401442307692307 0.03125 0.18269230769230768
2 0.2091346153846154 0.7596153846153846 0.016826923076923076 0.35096153846153844
2 0.8918269230769231 0.2403846153846154 0.016826923076923076 0.1201923076923077
2 0.8473557692307693 0.2824519230769231 0.028846153846153848 0.07932692307692307
2 0.8473557692307693 0.1466346153846154 0.026442307692307692 0.057692307692307696
2 0.7896634615384616 0.2668269230769231 0.028846153846153848 0.11298076923076923
2 0.7884615384615384 0.42788461538461536 0.028846153846153848 0.08653846153846154
2 0.8473557692307693 0.43028846153846156 0.028846153846153848 0.07932692307692307
2 0.8317307692307693 0.7115384615384616 0.0625 0.4326923076923077
2 0.9387019230769231 0.7079326923076923 0.016826923076923076 0.15144230769230768
2 0.8894230769230769 0.84375 0.021634615384615384 0.18269230769230768