3 0.4567307692307692 0.5012019230769231 0.08653846153846154 0.9711538461538461
2 0.27283653846153844 0.4411057692307692 0.10576923076923077 0.24519230769230768
2 0.27283653846153844 0.8629807692307693 0.10576923076923077 0.24519230769230768
2 0.2091346153846154 0.9182692307692307 0.019230769230769232 0.12980769230769232
2 0.1658653846153846 0.8846153846153846 0.016826923076923076 0.1971153846153846
2 0.2091346153846154 0.28846153846153844 0.019230769230769232 0.15144230769230768
2 0.14182692307692307 0.28846153846153844 0.016826923076923076 0.2956730769230769
2 0.06370192307692307 0.2932692307692308 0.021634615384615384 0.16105769230769232
2 0.3701923076923077 0.9302884615384616 0.040865384615384616 0.10817307692307693
2 0.3713942307692308 0.49399038461538464 0.040865384615384616 0.13221153846153846
2 0.3701923076923077 0.1935096153846154 0.038461538461538464 0.10096153846153846
2 0.7163461538461539 0.21995192307692307 0.1346153846153846 0.40625
2 0.8353365384615384 0.14182692307692307 0.019230769230769232 0.24519230769230768
2 0.9362980769230769 0.11778846153846154 0.019230769230769232 0.1875
2 0.8762019230769231 0.7007211538461539 0.021634615384615384 0.5673076923076923
2 0.8257211538461539 0.7980769230769231 0.04326923076923077 0.375
2 0.7716346153846154 0.9471153846153846 0.016826923076923076 0.07451923076923077
2 0.6622596153846154 0.8401442307692307 0.02403846153846154 0.28846153846153844