3 0.6442307692307693 0.4519230769230769 0.17307692307692307 0.8028846153846154
2 0.19471153846153846 0.25961538461538464 0.14903846153846154 0.47115384615384615
2 0.1971153846153846 0.6141826923076923 0.20432692307692307 0.19471153846153846
2 0.3737980769230769 0.1971153846153846 0.03365384615384615 0.2980769230769231
2 0.45552884615384615 0.17307692307692307 0.052884615384615384 0.24519230769230768
2 0.4543269230769231 0.5216346153846154 0.055288461538461536 0.14903846153846154
2 0.4423076923076923 0.7728365384615384 0.03125 0.13942307692307693
2 0.5408653846153846 0.14182692307692307 0.02403846153846154 0.1875
2 0.7740384615384616 0.17908653846153846 0.021634615384615384 0.0625
2 0.8377403846153846 0.47716346153846156 0.04807692307692308 0.2548076923076923
2 0.7740384615384616 0.7776442307692307 0.02403846153846154 0.055288461538461536
2 0.9495192307692307 0.359375 0.021634615384615384 0.03365384615384615
2 0.9495192307692307 0.4266826923076923 0.019230769230769232 0.03365384615384615