3 0.3557692307692308 0.5480769230769231 0.17307692307692307 0.8028846153846154
2 0.8052884615384616 0.7403846153846154 0.14903846153846154 0.47115384615384615
2 0.8028846153846154 0.3858173076923077 0.20432692307692307 0.19471153846153846
2 0.6262019230769231 0.8028846153846154 0.03365384615384615 0.2980769230769231
2 0.5444711538461539 0.8269230769230769 0.052884615384615384 0.24519230769230768
2 0.5456730769230769 0.47836538461538464 0.055288461538461536 0.14903846153846154
2 0.5576923076923077 0.22716346153846154 0.03125 0.13942307692307693
2 0.45913461538461536 0.8581730769230769 0.02403846153846154 0.1875
2 0.22596153846153846 0.8209134615384616 0.021634615384615384 0.0625
2 0.1622596153846154 0.5228365384615384 0.04807692307692308 0.2548076923076923
2 0.22596153846153846 0.22235576923076922 0.02403846153846154 0.055288461538461536
2 0.05048076923076923 0.640625 0.021634615384615384 0.03365384615384615
2 0.05048076923076923 0.5733173076923077 0.019230769230769232 0.03365384615384615