3 0.6141826923076923 0.5024038461538461 0.1778846153846154 0.8413461538461539
2 0.7776442307692307 0.17307692307692307 0.13221153846153846 0.1778846153846154
2 0.8930288461538461 0.17908653846153846 0.057692307692307696 0.18269230769230768
2 0.9567307692307693 0.18028846153846154 0.021634615384615384 0.18269230769230768
2 0.7944711538461539 0.7139423076923077 0.1201923076923077 0.4230769230769231
2 0.3786057692307692 0.8605769230769231 0.125 0.12980769230769232
2 0.3786057692307692 0.5733173076923077 0.125 0.14903846153846154
2 0.375 0.22115384615384615 0.08173076923076923 0.25721153846153844
2 0.040865384615384616 0.09975961538461539 0.021634615384615384 0.10576923076923077
2 0.040865384615384616 0.24879807692307693 0.021634615384615384 0.08653846153846154
2 0.040865384615384616 0.3918269230769231 0.019230769230769232 0.09134615384615384
2 0.040865384615384616 0.5216346153846154 0.019230769230769232 0.057692307692307696
2 0.040865384615384616 0.6382211538461539 0.016826923076923076 0.03125
2 0.08413461538461539 0.6153846153846154 0.019230769230769232 0.07692307692307693
2 0.125 0.6057692307692307 0.019230769230769232 0.09615384615384616
2 0.16706730769230768 0.6045673076923077 0.016826923076923076 0.10096153846153846
2 0.04326923076923077 0.8978365384615384 0.03125 0.17307692307692307
2 0.19831730769230768 0.8149038461538461 0.05048076923076923 0.21394230769230768