3 0.5012019230769231 0.6141826923076923 0.7740384615384616 0.17067307692307693
2 0.22355769230769232 0.8713942307692307 0.23557692307692307 0.057692307692307696
2 0.6814903846153846 0.8509615384615384 0.28365384615384615 0.10817307692307693
2 0.7860576923076923 0.7692307692307693 0.040865384615384616 0.014423076923076924
2 0.5745192307692307 0.41346153846153844 0.125 0.14423076923076922
2 0.17067307692307693 0.41346153846153844 0.11778846153846154 0.13701923076923078
2 0.7860576923076923 0.20673076923076922 0.09134615384615384 0.04567307692307692
2 0.6141826923076923 0.28725961538461536 0.07692307692307693 0.052884615384615384
2 0.7872596153846154 0.28846153846153844 0.10576923076923077 0.052884615384615384
2 0.7043269230769231 0.12379807692307693 0.21634615384615385 0.04326923076923077
2 0.17307692307692307 0.1935096153846154 0.1201923076923077 0.0673076923076923