3 0.3858173076923077 0.5012019230769231 0.17067307692307693 0.7740384615384616
2 0.12860576923076922 0.22355769230769232 0.057692307692307696 0.23557692307692307
2 0.14903846153846154 0.6814903846153846 0.10817307692307693 0.28125
2 0.23076923076923078 0.7860576923076923 0.014423076923076924 0.040865384615384616
2 0.5865384615384616 0.5745192307692307 0.14423076923076922 0.125
2 0.5865384615384616 0.17067307692307693 0.13701923076923078 0.11778846153846154
2 0.7932692307692307 0.7860576923076923 0.04567307692307692 0.09375
2 0.7127403846153846 0.6141826923076923 0.052884615384615384 0.07692307692307693
2 0.7115384615384616 0.7872596153846154 0.052884615384615384 0.10576923076923077
2 0.8762019230769231 0.7043269230769231 0.04326923076923077 0.21875
2 0.8064903846153846 0.17307692307692307 0.0673076923076923 0.1201923076923077