3 0.6141826923076923 0.4987980769230769 0.17067307692307693 0.7740384615384616
2 0.8713942307692307 0.7764423076923077 0.057692307692307696 0.23557692307692307
2 0.8509615384615384 0.31850961538461536 0.10817307692307693 0.28365384615384615
2 0.7692307692307693 0.21394230769230768 0.014423076923076924 0.040865384615384616
2 0.41346153846153844 0.4254807692307692 0.14423076923076922 0.125
2 0.41346153846153844 0.8293269230769231 0.13701923076923078 0.11778846153846154
2 0.20673076923076922 0.21394230769230768 0.04567307692307692 0.09134615384615384
2 0.28725961538461536 0.3858173076923077 0.052884615384615384 0.07692307692307693
2 0.28846153846153844 0.2127403846153846 0.052884615384615384 0.10576923076923077
2 0.12379807692307693 0.2956730769230769 0.04326923076923077 0.21634615384615385
2 0.1935096153846154 0.8269230769230769 0.0673076923076923 0.1201923076923077