3 0.35336538461538464 0.5 0.09134615384615384 0.8461538461538461
2 0.06610576923076923 0.20673076923076922 0.026442307692307692 0.12980769230769232
2 0.1201923076923077 0.2536057692307692 0.0673076923076923 0.1778846153846154
2 0.21634615384615385 0.2247596153846154 0.08173076923076923 0.2403846153846154
2 0.2127403846153846 0.8377403846153846 0.07451923076923077 0.17548076923076922
2 0.29447115384615385 0.7463942307692307 0.014423076923076924 0.3629807692307692
2 0.10817307692307693 0.7584134615384616 0.07692307692307693 0.3317307692307692
2 0.9735576923076923 0.08653846153846154 0.014423076923076924 0.0673076923076923
2 0.9471153846153846 0.4987980769230769 0.019230769230769232 0.23076923076923078
2 0.9711538461538461 0.9230769230769231 0.01201923076923077 0.06009615384615385
2 0.8473557692307693 0.25841346153846156 0.12980769230769232 0.3317307692307692
2 0.7920673076923077 0.8425480769230769 0.014423076923076924 0.16105769230769232