3 0.6466346153846154 0.5 0.09134615384615384 0.8461538461538461
2 0.9338942307692307 0.7932692307692307 0.026442307692307692 0.12980769230769232
2 0.8798076923076923 0.7463942307692307 0.0673076923076923 0.1778846153846154
2 0.7836538461538461 0.7752403846153846 0.08173076923076923 0.2403846153846154
2 0.7872596153846154 0.1622596153846154 0.07451923076923077 0.17548076923076922
2 0.7055288461538461 0.2536057692307692 0.014423076923076924 0.3629807692307692
2 0.8918269230769231 0.24158653846153846 0.07692307692307693 0.3317307692307692
2 0.026442307692307692 0.9134615384615384 0.014423076923076924 0.0673076923076923
2 0.052884615384615384 0.5012019230769231 0.019230769230769232 0.23076923076923078
2 0.028846153846153848 0.07692307692307693 0.01201923076923077 0.057692307692307696
2 0.15264423076923078 0.7415865384615384 0.12980769230769232 0.3317307692307692
2 0.20793269230769232 0.15745192307692307 0.014423076923076924 0.16105769230769232