3 0.5036057692307693 0.5745192307692307 0.8798076923076923 0.10096153846153846
2 0.6814903846153846 0.7175480769230769 0.21634615384615385 0.09134615384615384
2 0.47836538461538464 0.7884615384615384 0.8509615384615384 0.04326923076923077
2 0.4987980769230769 0.9603365384615384 0.8461538461538461 0.019230769230769232
2 0.20432692307692307 0.4879807692307692 0.28846153846153844 0.038461538461538464
2 0.14302884615384615 0.4411057692307692 0.15384615384615385 0.014423076923076924
2 0.6286057692307693 0.28725961538461536 0.34615384615384615 0.08173076923076923
2 0.19951923076923078 0.2980769230769231 0.28125 0.057692307692307696
2 0.7944711538461539 0.039663461538461536 0.22355769230769232 0.014423076923076924
2 0.5793269230769231 0.1875 0.24519230769230768 0.014423076923076924
2 0.23918269230769232 0.20552884615384615 0.3581730769230769 0.052884615384615384
2 0.19230769230769232 0.15985576923076922 0.2620192307692308 0.014423076923076924
2 0.4987980769230769 0.109375 0.16826923076923078 0.019230769230769232
2 0.15504807692307693 0.36538461538461536 0.1778846153846154 0.014423076923076924
2 0.15745192307692307 0.4026442307692308 0.19230769230769232 0.014423076923076924
2 0.7776442307692307 0.8557692307692307 0.2620192307692308 0.014423076923076924
2 0.8257211538461539 0.9098557692307693 0.16346153846153846 0.014423076923076924