3 0.5745192307692307 0.4963942307692308 0.10096153846153846 0.8798076923076923
2 0.7175480769230769 0.31850961538461536 0.09134615384615384 0.21634615384615385
2 0.7884615384615384 0.5216346153846154 0.04326923076923077 0.8509615384615384
2 0.9603365384615384 0.5012019230769231 0.019230769230769232 0.8461538461538461
2 0.4879807692307692 0.7956730769230769 0.038461538461538464 0.28846153846153844
2 0.4411057692307692 0.8569711538461539 0.014423076923076924 0.15384615384615385
2 0.28725961538461536 0.3713942307692308 0.08173076923076923 0.34615384615384615
2 0.2980769230769231 0.8004807692307693 0.057692307692307696 0.28125
2 0.039663461538461536 0.20552884615384615 0.014423076923076924 0.22355769230769232
2 0.1875 0.4206730769230769 0.014423076923076924 0.24519230769230768
2 0.20552884615384615 0.7608173076923077 0.052884615384615384 0.3581730769230769
2 0.15985576923076922 0.8076923076923077 0.014423076923076924 0.2620192307692308
2 0.109375 0.5012019230769231 0.019230769230769232 0.16826923076923078
2 0.36538461538461536 0.8449519230769231 0.014423076923076924 0.1778846153846154
2 0.4026442307692308 0.8425480769230769 0.014423076923076924 0.19230769230769232
2 0.8557692307692307 0.22235576923076922 0.014423076923076924 0.2620192307692308
2 0.9098557692307693 0.17427884615384615 0.014423076923076924 0.16346153846153846