3 0.4254807692307692 0.5036057692307693 0.10096153846153846 0.8798076923076923
2 0.2824519230769231 0.6814903846153846 0.09134615384615384 0.21634615384615385
2 0.21153846153846154 0.47836538461538464 0.04326923076923077 0.8509615384615384
2 0.039663461538461536 0.4987980769230769 0.019230769230769232 0.8461538461538461
2 0.5120192307692307 0.20432692307692307 0.038461538461538464 0.28846153846153844
2 0.5588942307692307 0.14302884615384615 0.014423076923076924 0.15384615384615385
2 0.7127403846153846 0.6286057692307693 0.08173076923076923 0.34615384615384615
2 0.7019230769230769 0.19951923076923078 0.057692307692307696 0.28125
2 0.9603365384615384 0.7944711538461539 0.014423076923076924 0.22355769230769232
2 0.8125 0.5793269230769231 0.014423076923076924 0.24519230769230768
2 0.7944711538461539 0.23918269230769232 0.052884615384615384 0.3581730769230769
2 0.8401442307692307 0.19230769230769232 0.014423076923076924 0.2620192307692308
2 0.890625 0.4987980769230769 0.019230769230769232 0.16826923076923078
2 0.6346153846153846 0.15504807692307693 0.014423076923076924 0.1778846153846154
2 0.5973557692307693 0.15745192307692307 0.014423076923076924 0.19230769230769232
2 0.14423076923076922 0.7776442307692307 0.014423076923076924 0.2620192307692308
2 0.09014423076923077 0.8257211538461539 0.014423076923076924 0.16346153846153846