3 0.5757211538461539 0.4230769230769231 0.24519230769230768 0.3942307692307692
2 0.40625 0.5168269230769231 0.07211538461538461 0.1778846153846154
2 0.22355769230769232 0.2932692307692308 0.03125 0.08653846153846154
2 0.21875 0.4963942307692308 0.040865384615384616 0.21394230769230768
2 0.27524038461538464 0.5420673076923077 0.03365384615384615 0.1201923076923077
2 0.4050480769230769 0.3004807692307692 0.07211538461538461 0.12980769230769232
2 0.3137019230769231 0.7391826923076923 0.028846153846153848 0.0625
2 0.25961538461538464 0.7427884615384616 0.028846153846153848 0.057692307692307696
2 0.4326923076923077 0.7283653846153846 0.028846153846153848 0.08173076923076923
2 0.484375 0.734375 0.04326923076923077 0.06971153846153846
2 0.5276442307692307 0.7415865384615384 0.014423076923076924 0.057692307692307696
2 0.5925480769230769 0.7235576923076923 0.028846153846153848 0.09134615384615384
2 0.6430288461538461 0.7175480769230769 0.04326923076923077 0.10336538461538461
2 0.6887019230769231 0.7608173076923077 0.01201923076923077 0.019230769230769232
2 0.7800480769230769 0.3485576923076923 0.07451923076923077 0.12980769230769232
2 0.7716346153846154 0.5072115384615384 0.02403846153846154 0.07932692307692307
2 0.7776442307692307 0.6634615384615384 0.03365384615384615 0.19471153846153846
2 0.8641826923076923 0.3449519230769231 0.04326923076923077 0.20432692307692307