3 0.42427884615384615 0.4230769230769231 0.24519230769230768 0.3942307692307692
2 0.59375 0.5168269230769231 0.07211538461538461 0.1778846153846154
2 0.7764423076923077 0.2932692307692308 0.03125 0.08653846153846154
2 0.78125 0.4963942307692308 0.040865384615384616 0.21394230769230768
2 0.7247596153846154 0.5420673076923077 0.03365384615384615 0.1201923076923077
2 0.5949519230769231 0.3004807692307692 0.07211538461538461 0.12980769230769232
2 0.6862980769230769 0.7391826923076923 0.028846153846153848 0.0625
2 0.7403846153846154 0.7427884615384616 0.028846153846153848 0.057692307692307696
2 0.5673076923076923 0.7283653846153846 0.028846153846153848 0.08173076923076923
2 0.515625 0.734375 0.04326923076923077 0.06971153846153846
2 0.4723557692307692 0.7415865384615384 0.014423076923076924 0.057692307692307696
2 0.4074519230769231 0.7235576923076923 0.028846153846153848 0.09134615384615384
2 0.35697115384615385 0.7175480769230769 0.04326923076923077 0.10336538461538461
2 0.3112980769230769 0.7608173076923077 0.01201923076923077 0.019230769230769232
2 0.21995192307692307 0.3485576923076923 0.07451923076923077 0.12980769230769232
2 0.2283653846153846 0.5072115384615384 0.02403846153846154 0.07932692307692307
2 0.22235576923076922 0.6634615384615384 0.03365384615384615 0.19471153846153846
2 0.13581730769230768 0.3449519230769231 0.04326923076923077 0.20432692307692307