3 0.4879807692307692 0.4987980769230769 0.2932692307692308 0.5625
2 0.6634615384615384 0.7067307692307693 0.038461538461538464 0.13942307692307693
2 0.7127403846153846 0.6838942307692307 0.019230769230769232 0.1875
2 0.6622596153846154 0.27884615384615385 0.019230769230769232 0.1201923076923077
2 0.7079326923076923 0.3161057692307692 0.026442307692307692 0.19230769230769232
2 0.7956730769230769 0.3485576923076923 0.04326923076923077 0.25961538461538464
2 0.8954326923076923 0.27524038461538464 0.02403846153846154 0.0625
2 0.8966346153846154 0.5108173076923077 0.02403846153846154 0.11057692307692307
2 0.8954326923076923 0.7415865384615384 0.02403846153846154 0.07451923076923077
2 0.2668269230769231 0.7115384615384616 0.08173076923076923 0.13942307692307693
2 0.2668269230769231 0.27163461538461536 0.08173076923076923 0.10576923076923077
2 0.1310096153846154 0.6814903846153846 0.04326923076923077 0.1971153846153846