3 0.4879807692307692 0.5012019230769231 0.2932692307692308 0.5625
2 0.6634615384615384 0.2932692307692308 0.038461538461538464 0.13942307692307693
2 0.7127403846153846 0.3161057692307692 0.019230769230769232 0.1875
2 0.6622596153846154 0.7211538461538461 0.019230769230769232 0.1201923076923077
2 0.7079326923076923 0.6838942307692307 0.026442307692307692 0.19230769230769232
2 0.7956730769230769 0.6514423076923077 0.04326923076923077 0.25961538461538464
2 0.8954326923076923 0.7247596153846154 0.02403846153846154 0.0625
2 0.8966346153846154 0.4891826923076923 0.02403846153846154 0.11057692307692307
2 0.8954326923076923 0.25841346153846156 0.02403846153846154 0.07451923076923077
2 0.2668269230769231 0.28846153846153844 0.08173076923076923 0.13942307692307693
2 0.2668269230769231 0.7283653846153846 0.08173076923076923 0.10576923076923077
2 0.1310096153846154 0.31850961538461536 0.04326923076923077 0.1971153846153846