3 0.49399038461538464 0.4026442307692308 0.9086538461538461 0.08653846153846154
2 0.7824519230769231 0.09735576923076923 0.3173076923076923 0.07932692307692307
2 0.14903846153846154 0.19831730769230768 0.14903846153846154 0.02403846153846154
2 0.12860576923076922 0.30408653846153844 0.13701923076923078 0.08173076923076923
2 0.40384615384615385 0.29086538461538464 0.0673076923076923 0.055288461538461536
2 0.7956730769230769 0.29086538461538464 0.20192307692307693 0.0625
2 0.8221153846153846 0.47596153846153844 0.23557692307692307 0.057692307692307696
2 0.7596153846153846 0.5721153846153846 0.25961538461538464 0.021634615384615384
2 0.6826923076923077 0.6201923076923077 0.2403846153846154 0.04807692307692308
2 0.2512019230769231 0.5721153846153846 0.16346153846153846 0.021634615384615384
2 0.09615384615384616 0.6165865384615384 0.08173076923076923 0.02403846153846154
2 0.20192307692307693 0.6153846153846154 0.0673076923076923 0.01201923076923077
2 0.2980769230769231 0.6177884615384616 0.07451923076923077 0.019230769230769232
2 0.13341346153846154 0.6442307692307693 0.15384615384615385 0.01201923076923077