3 0.4987980769230769 0.6838942307692307 0.9326923076923077 0.16826923076923078
2 0.6550480769230769 0.44711538461538464 0.30288461538461536 0.125
2 0.8581730769230769 0.3317307692307692 0.21394230769230768 0.01201923076923077
2 0.1346153846153846 0.3317307692307692 0.20192307692307693 0.01201923076923077
2 0.24759615384615385 0.4182692307692308 0.4254807692307692 0.0625
2 0.2692307692307692 0.5817307692307693 0.44711538461538464 0.014423076923076924
2 0.25841346153846156 0.21754807692307693 0.4519230769230769 0.1201923076923077
2 0.8016826923076923 0.07211538461538461 0.33413461538461536 0.057692307692307696
2 0.7067307692307693 0.8137019230769231 0.4855769230769231 0.014423076923076924
2 0.16947115384615385 0.78125 0.24519230769230768 0.01201923076923077
2 0.12139423076923077 0.9230769230769231 0.14903846153846154 0.014423076923076924
2 0.10817307692307693 0.9783653846153846 0.1201923076923077 0.01201923076923077