3 0.6838942307692307 0.5012019230769231 0.16826923076923078 0.9326923076923077
2 0.44711538461538464 0.3449519230769231 0.125 0.30288461538461536
2 0.3317307692307692 0.14182692307692307 0.01201923076923077 0.21394230769230768
2 0.3317307692307692 0.8653846153846154 0.01201923076923077 0.20192307692307693
2 0.4182692307692308 0.7524038461538461 0.0625 0.4254807692307692
2 0.5817307692307693 0.7307692307692307 0.014423076923076924 0.44711538461538464
2 0.21754807692307693 0.7415865384615384 0.1201923076923077 0.4519230769230769
2 0.07211538461538461 0.19831730769230768 0.057692307692307696 0.33413461538461536
2 0.8137019230769231 0.2932692307692308 0.014423076923076924 0.4855769230769231
2 0.78125 0.8305288461538461 0.01201923076923077 0.24519230769230768
2 0.9230769230769231 0.8786057692307693 0.014423076923076924 0.14903846153846154
2 0.9783653846153846 0.8918269230769231 0.01201923076923077 0.1201923076923077