3 0.3161057692307692 0.4987980769230769 0.16826923076923078 0.9326923076923077
2 0.5528846153846154 0.6550480769230769 0.125 0.30288461538461536
2 0.6682692307692307 0.8581730769230769 0.01201923076923077 0.21394230769230768
2 0.6682692307692307 0.1346153846153846 0.01201923076923077 0.20192307692307693
2 0.5817307692307693 0.24759615384615385 0.0625 0.4254807692307692
2 0.4182692307692308 0.2692307692307692 0.014423076923076924 0.44711538461538464
2 0.7824519230769231 0.25841346153846156 0.1201923076923077 0.4519230769230769
2 0.9278846153846154 0.8016826923076923 0.057692307692307696 0.33413461538461536
2 0.18629807692307693 0.7067307692307693 0.014423076923076924 0.4855769230769231
2 0.21875 0.16947115384615385 0.01201923076923077 0.24519230769230768
2 0.07692307692307693 0.12139423076923077 0.014423076923076924 0.14903846153846154
2 0.021634615384615384 0.10817307692307693 0.01201923076923077 0.1201923076923077