3 0.5012019230769231 0.6081730769230769 0.8389423076923077 0.19951923076923078
2 0.22235576923076922 0.7439903846153846 0.20673076923076922 0.0625
2 0.5 0.9747596153846154 0.18269230769230768 0.014423076923076924
2 0.8377403846153846 0.41586538461538464 0.1658653846153846 0.11538461538461539
2 0.8269230769230769 0.2824519230769231 0.19230769230769232 0.07451923076923077
2 0.21754807692307693 0.9146634615384616 0.1971153846153846 0.019230769230769232
2 0.5024038461538461 0.8918269230769231 0.21153846153846154 0.01201923076923077
2 0.3762019230769231 0.8689903846153846 0.10576923076923077 0.01201923076923077
2 0.16706730769230768 0.8689903846153846 0.0625 0.01201923076923077
2 0.6069711538461539 0.8701923076923077 0.0625 0.014423076923076924
2 0.8185096153846154 0.8689903846153846 0.125 0.01201923076923077
2 0.8545673076923077 0.828125 0.125 0.014423076923076924