3 0.3918269230769231 0.5012019230769231 0.19951923076923078 0.8389423076923077
2 0.25600961538461536 0.22235576923076922 0.0625 0.20673076923076922
2 0.025240384615384616 0.5 0.014423076923076924 0.18269230769230768
2 0.5841346153846154 0.8377403846153846 0.11538461538461539 0.1658653846153846
2 0.7175480769230769 0.8269230769230769 0.07451923076923077 0.19230769230769232
2 0.08533653846153846 0.21754807692307693 0.019230769230769232 0.1971153846153846
2 0.10817307692307693 0.5024038461538461 0.01201923076923077 0.21153846153846154
2 0.1310096153846154 0.3762019230769231 0.01201923076923077 0.10576923076923077
2 0.1310096153846154 0.16706730769230768 0.01201923076923077 0.0625
2 0.12980769230769232 0.6069711538461539 0.014423076923076924 0.0625
2 0.1310096153846154 0.8185096153846154 0.01201923076923077 0.125
2 0.171875 0.8545673076923077 0.014423076923076924 0.125