3 0.32572115384615385 0.4879807692307692 0.057692307692307696 0.9326923076923077
2 0.15985576923076922 0.8353365384615384 0.0625 0.1875
2 0.21995192307692307 0.8353365384615384 0.014423076923076924 0.1875
2 0.26322115384615385 0.8088942307692307 0.0673076923076923 0.13701923076923078
2 0.20192307692307693 0.5276442307692307 0.11538461538461539 0.29086538461538464
2 0.20192307692307693 0.1622596153846154 0.11538461538461539 0.27403846153846156
2 0.2692307692307692 0.17548076923076922 0.014423076923076924 0.2956730769230769
2 0.13942307692307693 0.11778846153846154 0.01201923076923077 0.18028846153846154
2 0.11899038461538461 0.21394230769230768 0.01201923076923077 0.3701923076923077
2 0.039663461538461536 0.6899038461538461 0.019230769230769232 0.18269230769230768
2 0.054086538461538464 0.109375 0.057692307692307696 0.1778846153846154
2 0.8389423076923077 0.3112980769230769 0.08653846153846154 0.5697115384615384
2 0.9170673076923077 0.4891826923076923 0.04807692307692308 0.8942307692307693
2 0.2800480769230769 0.4423076923076923 0.03365384615384615 0.11298076923076923
2 0.7776442307692307 0.12740384615384615 0.01201923076923077 0.2091346153846154
2 0.7752403846153846 0.47475961538461536 0.01201923076923077 0.3701923076923077
2 0.8016826923076923 0.7980769230769231 0.01201923076923077 0.21634615384615385
2 0.8870192307692307 0.7980769230769231 0.014423076923076924 0.17548076923076922
2 0.7536057692307693 0.6610576923076923 0.014423076923076924 0.34615384615384615
2 0.7271634615384616 0.7091346153846154 0.014423076923076924 0.25
2 0.7091346153846154 0.7872596153846154 0.01201923076923077 0.09615384615384616
2 0.7103365384615384 0.9314903846153846 0.009615384615384616 0.028846153846153848
2 0.7271634615384616 0.9254807692307693 0.01201923076923077 0.038461538461538464
2 0.6766826923076923 0.9314903846153846 0.009615384615384616 0.028846153846153848
2 0.6442307692307693 0.7115384615384616 0.01201923076923077 0.040865384615384616
2 0.6658653846153846 0.6682692307692307 0.028846153846153848 0.09134615384615384
2 0.6514423076923077 0.9254807692307693 0.026442307692307692 0.040865384615384616
2 0.6418269230769231 0.32211538461538464 0.01201923076923077 0.057692307692307696
2 0.6754807692307693 0.32211538461538464 0.01201923076923077 0.052884615384615384