3 0.47716346153846156 0.5 0.0673076923076923 0.9326923076923077
2 0.4050480769230769 0.8737980769230769 0.04326923076923077 0.11778846153846154
2 0.4050480769230769 0.6995192307692307 0.04326923076923077 0.11778846153846154
2 0.4050480769230769 0.5276442307692307 0.040865384615384616 0.07451923076923077
2 0.4050480769230769 0.38221153846153844 0.040865384615384616 0.0673076923076923
2 0.4050480769230769 0.27524038461538464 0.04326923076923077 0.07451923076923077
2 0.4050480769230769 0.1310096153846154 0.040865384615384616 0.11057692307692307
2 0.2956730769230769 0.3557692307692308 0.1201923076923077 0.27884615384615385
2 0.2980769230769231 0.8269230769230769 0.125 0.2764423076923077
2 0.15625 0.6081730769230769 0.10336538461538461 0.35096153846153844
2 0.16826923076923078 0.2091346153846154 0.038461538461538464 0.2668269230769231
2 0.11298076923076923 0.12379807692307693 0.021634615384615384 0.16826923076923078
2 0.1658653846153846 0.8725961538461539 0.052884615384615384 0.1658653846153846
2 0.7692307692307693 0.24639423076923078 0.1201923076923077 0.4230769230769231