3 0.5588942307692307 0.5 0.34134615384615385 0.875
2 0.7932692307692307 0.19951923076923078 0.09134615384615384 0.23798076923076922
2 0.7884615384615384 0.8473557692307693 0.08173076923076923 0.17067307692307693
2 0.8810096153846154 0.703125 0.04326923076923077 0.45913461538461536
2 0.9399038461538461 0.8473557692307693 0.02403846153846154 0.10096153846153846
2 0.9411057692307693 0.65625 0.019230769230769232 0.12740384615384615
2 0.9399038461538461 0.4651442307692308 0.019230769230769232 0.1201923076923077
2 0.9387019230769231 0.1466346153846154 0.028846153846153848 0.16105769230769232
2 0.265625 0.16346153846153846 0.07451923076923077 0.1971153846153846
2 0.29447115384615385 0.4987980769230769 0.052884615384615384 0.19471153846153846
2 0.28125 0.84375 0.10576923076923077 0.18028846153846154
2 0.18389423076923078 0.4987980769230769 0.02403846153846154 0.1778846153846154
2 0.078125 0.4987980769230769 0.040865384615384616 0.19471153846153846