3 0.5 0.5588942307692307 0.875 0.34134615384615385
2 0.8004807692307693 0.7932692307692307 0.23798076923076922 0.09134615384615384
2 0.15264423076923078 0.7884615384615384 0.17067307692307693 0.08173076923076923
2 0.296875 0.8810096153846154 0.45913461538461536 0.04326923076923077
2 0.15264423076923078 0.9399038461538461 0.10096153846153846 0.02403846153846154
2 0.34375 0.9411057692307693 0.12980769230769232 0.019230769230769232
2 0.5348557692307693 0.9399038461538461 0.1201923076923077 0.019230769230769232
2 0.8533653846153846 0.9387019230769231 0.16105769230769232 0.028846153846153848
2 0.8365384615384616 0.265625 0.1971153846153846 0.07451923076923077
2 0.5012019230769231 0.29447115384615385 0.19471153846153846 0.052884615384615384
2 0.15625 0.28125 0.18028846153846154 0.10576923076923077
2 0.5012019230769231 0.18389423076923078 0.1778846153846154 0.02403846153846154
2 0.5012019230769231 0.078125 0.19471153846153846 0.040865384615384616