3 0.4411057692307692 0.5 0.34134615384615385 0.875
2 0.20673076923076922 0.8004807692307693 0.09134615384615384 0.23798076923076922
2 0.21153846153846154 0.15264423076923078 0.08173076923076923 0.17067307692307693
2 0.11899038461538461 0.296875 0.04326923076923077 0.45913461538461536
2 0.06009615384615385 0.15264423076923078 0.02403846153846154 0.10096153846153846
2 0.05889423076923077 0.34375 0.019230769230769232 0.12980769230769232
2 0.06009615384615385 0.5348557692307693 0.019230769230769232 0.1201923076923077
2 0.06129807692307692 0.8533653846153846 0.028846153846153848 0.16105769230769232
2 0.734375 0.8365384615384616 0.07451923076923077 0.1971153846153846
2 0.7055288461538461 0.5012019230769231 0.052884615384615384 0.19471153846153846
2 0.71875 0.15625 0.10576923076923077 0.18028846153846154
2 0.8161057692307693 0.5012019230769231 0.02403846153846154 0.1778846153846154
2 0.921875 0.5012019230769231 0.040865384615384616 0.19471153846153846