3 0.43990384615384615 0.5036057692307693 0.12980769230769232 0.9375
2 0.19951923076923078 0.8161057692307693 0.07211538461538461 0.28846153846153844
2 0.12860576923076922 0.8653846153846154 0.019230769230769232 0.19230769230769232
2 0.18870192307692307 0.3293269230769231 0.052884615384615384 0.21634615384615385
2 0.07451923076923077 0.18028846153846154 0.028846153846153848 0.2764423076923077
2 0.30528846153846156 0.1814903846153846 0.09134615384615384 0.28846153846153844
2 0.2668269230769231 0.4074519230769231 0.014423076923076924 0.0625
2 0.30528846153846156 0.8004807692307693 0.09134615384615384 0.17067307692307693
2 0.2644230769230769 0.9302884615384616 0.01201923076923077 0.055288461538461536
2 0.8257211538461539 0.7848557692307693 0.11057692307692307 0.3557692307692308
2 0.8004807692307693 0.18028846153846154 0.0625 0.28846153846153844