3 0.5012019230769231 0.43509615384615385 0.9807692307692307 0.28365384615384615
2 0.7908653846153846 0.17548076923076922 0.24278846153846154 0.11538461538461539
2 0.4855769230769231 0.19471153846153846 0.23076923076923078 0.055288461538461536
2 0.14423076923076922 0.21875 0.19230769230769232 0.05048076923076923
2 0.21995192307692307 0.15745192307692307 0.1658653846153846 0.03365384615384615
2 0.21995192307692307 0.12139423076923077 0.16346153846153846 0.016826923076923076
2 0.4651442307692308 0.06129807692307692 0.2644230769230769 0.02403846153846154
2 0.8533653846153846 0.2860576923076923 0.12980769230769232 0.014423076923076924
2 0.5769230769230769 0.2848557692307692 0.0985576923076923 0.014423076923076924
2 0.11658653846153846 0.2848557692307692 0.21394230769230768 0.014423076923076924
2 0.8870192307692307 0.6947115384615384 0.20673076923076922 0.08173076923076923
2 0.27163461538461536 0.7079326923076923 0.5216346153846154 0.11538461538461539
2 0.6598557692307693 0.7127403846153846 0.07692307692307693 0.007211538461538462
2 0.9230769230769231 0.8052884615384616 0.11538461538461539 0.009615384615384616
2 0.44350961538461536 0.8846153846153846 0.06971153846153846 0.014423076923076924
2 0.9350961538461539 0.8341346153846154 0.11538461538461539 0.009615384615384616