3 0.4987980769230769 0.4338942307692308 0.9375 0.3317307692307692
2 0.1622596153846154 0.12139423076923077 0.23557692307692307 0.16346153846153846
2 0.47716346153846156 0.19230769230769232 0.21875 0.06971153846153846
2 0.4963942307692308 0.057692307692307696 0.2548076923076923 0.028846153846153848
2 0.8798076923076923 0.19230769230769232 0.18269230769230768 0.06971153846153846
2 0.8064903846153846 0.10576923076923077 0.15865384615384615 0.04326923076923077
2 0.8064903846153846 0.056490384615384616 0.15625 0.02403846153846154
2 0.8665865384615384 0.25961538461538464 0.20673076923076922 0.019230769230769232
2 0.4266826923076923 0.25721153846153844 0.09375 0.014423076923076924
2 0.15985576923076922 0.25961538461538464 0.125 0.019230769230769232
2 0.71875 0.7800480769230769 0.5048076923076923 0.15625
2 0.12980769230769232 0.7596153846153846 0.1971153846153846 0.11057692307692307
2 0.8930288461538461 0.890625 0.12980769230769232 0.01201923076923077
2 0.09495192307692307 0.9146634615384616 0.11298076923076923 0.019230769230769232
2 0.08413461538461539 0.9567307692307693 0.11057692307692307 0.01201923076923077
2 0.5516826923076923 0.9543269230769231 0.0673076923076923 0.019230769230769232
2 0.34615384615384615 0.7872596153846154 0.08173076923076923 0.014423076923076924