3 0.5012019230769231 0.4338942307692308 0.9375 0.3317307692307692
2 0.8377403846153846 0.12139423076923077 0.23557692307692307 0.16346153846153846
2 0.5228365384615384 0.19230769230769232 0.21875 0.06971153846153846
2 0.5036057692307693 0.057692307692307696 0.2548076923076923 0.028846153846153848
2 0.1201923076923077 0.19230769230769232 0.18269230769230768 0.06971153846153846
2 0.1935096153846154 0.10576923076923077 0.15865384615384615 0.04326923076923077
2 0.1935096153846154 0.056490384615384616 0.15625 0.02403846153846154
2 0.13341346153846154 0.25961538461538464 0.20673076923076922 0.019230769230769232
2 0.5733173076923077 0.25721153846153844 0.09375 0.014423076923076924
2 0.8401442307692307 0.25961538461538464 0.125 0.019230769230769232
2 0.28125 0.7800480769230769 0.5048076923076923 0.15625
2 0.8701923076923077 0.7596153846153846 0.1971153846153846 0.11057692307692307
2 0.10697115384615384 0.890625 0.12980769230769232 0.01201923076923077
2 0.9050480769230769 0.9146634615384616 0.11298076923076923 0.019230769230769232
2 0.9158653846153846 0.9567307692307693 0.11057692307692307 0.01201923076923077
2 0.4483173076923077 0.9543269230769231 0.0673076923076923 0.019230769230769232
2 0.6538461538461539 0.7872596153846154 0.08173076923076923 0.014423076923076924