3 0.5060096153846154 0.4338942307692308 0.8221153846153846 0.0673076923076923
2 0.22716346153846154 0.4963942307692308 0.25721153846153844 0.04326923076923077
2 0.21754807692307693 0.21153846153846154 0.22596153846153846 0.0673076923076923
2 0.24278846153846154 0.11778846153846154 0.27163461538461536 0.028846153846153848
2 0.78125 0.23197115384615385 0.2644230769230769 0.125
2 0.8629807692307693 0.3317307692307692 0.09615384615384616 0.038461538461538464
2 0.8533653846153846 0.8822115384615384 0.11538461538461539 0.0673076923076923
2 0.8112980769230769 0.8173076923076923 0.1971153846153846 0.026442307692307692
2 0.25721153846153844 0.8762019230769231 0.21634615384615385 0.052884615384615384
2 0.6129807692307693 0.8629807692307693 0.0673076923076923 0.026442307692307692
2 0.6033653846153846 0.9014423076923077 0.08413461538461539 0.028846153846153848