2 0.03245192307692308 0.8509615384615384 0.04807692307692308 0.2668269230769231
2 0.014423076923076924 0.24519230769230768 0.028846153846153848 0.25
2 0.10096153846153846 0.13701923076923078 0.08173076923076923 0.2692307692307692
2 0.2692307692307692 0.24879807692307693 0.22115384615384615 0.2403846153846154
2 0.26802884615384615 0.8713942307692307 0.22115384615384615 0.2403846153846154
2 0.41586538461538464 0.9026442307692307 0.026442307692307692 0.09615384615384616
2 0.4170673076923077 0.7115384615384616 0.026442307692307692 0.18269230769230768
2 0.41586538461538464 0.41586538461538464 0.026442307692307692 0.17307692307692307
2 0.41586538461538464 0.11177884615384616 0.02403846153846154 0.14903846153846154
3 0.5252403846153846 0.5 0.11538461538461539 0.9903846153846154
2 0.9122596153846154 0.18629807692307693 0.16826923076923078 0.3629807692307692
2 0.8701923076923077 0.7307692307692307 0.02403846153846154 0.23798076923076922