2 0.9675480769230769 0.14903846153846154 0.04807692307692308 0.2668269230769231
2 0.9855769230769231 0.7548076923076923 0.028846153846153848 0.25
2 0.8990384615384616 0.8629807692307693 0.08173076923076923 0.2692307692307692
2 0.7307692307692307 0.7512019230769231 0.22115384615384615 0.2403846153846154
2 0.7319711538461539 0.12860576923076922 0.22115384615384615 0.2403846153846154
2 0.5841346153846154 0.09735576923076923 0.026442307692307692 0.09615384615384616
2 0.5829326923076923 0.28846153846153844 0.026442307692307692 0.18269230769230768
2 0.5841346153846154 0.5841346153846154 0.026442307692307692 0.17307692307692307
2 0.5841346153846154 0.8882211538461539 0.02403846153846154 0.14903846153846154
3 0.47475961538461536 0.5 0.11538461538461539 0.9903846153846154
2 0.08774038461538461 0.8137019230769231 0.16826923076923078 0.3629807692307692
2 0.12980769230769232 0.2692307692307692 0.02403846153846154 0.23798076923076922