2 0.03245192307692308 0.14903846153846154 0.04807692307692308 0.2668269230769231
2 0.014423076923076924 0.7548076923076923 0.028846153846153848 0.25
2 0.10096153846153846 0.8629807692307693 0.08173076923076923 0.2692307692307692
2 0.2692307692307692 0.7512019230769231 0.22115384615384615 0.2403846153846154
2 0.26802884615384615 0.12860576923076922 0.22115384615384615 0.2403846153846154
2 0.41586538461538464 0.09735576923076923 0.026442307692307692 0.09615384615384616
2 0.4170673076923077 0.28846153846153844 0.026442307692307692 0.18269230769230768
2 0.41586538461538464 0.5841346153846154 0.026442307692307692 0.17307692307692307
2 0.41586538461538464 0.8882211538461539 0.02403846153846154 0.14903846153846154
3 0.5252403846153846 0.5 0.11538461538461539 0.9903846153846154
2 0.9122596153846154 0.8137019230769231 0.16826923076923078 0.3629807692307692
2 0.8701923076923077 0.2692307692307692 0.02403846153846154 0.23798076923076922