3 0.5036057692307693 0.5697115384615384 0.9423076923076923 0.38221153846153844
2 0.8822115384615384 0.34375 0.11057692307692307 0.03365384615384615
2 0.5997596153846154 0.34375 0.125 0.03365384615384615
2 0.3137019230769231 0.34375 0.14182692307692307 0.03365384615384615
2 0.12620192307692307 0.34375 0.0673076923076923 0.03365384615384615
2 0.21754807692307693 0.23317307692307693 0.3798076923076923 0.14423076923076922
2 0.6766826923076923 0.23317307692307693 0.3581730769230769 0.14423076923076922
2 0.8822115384615384 0.09615384615384616 0.18269230769230768 0.016826923076923076
2 0.7379807692307693 0.03125 0.2764423076923077 0.02403846153846154
2 0.22235576923076922 0.04326923076923077 0.1778846153846154 0.052884615384615384
2 0.21875 0.09735576923076923 0.375 0.019230769230769232
2 0.19951923076923078 0.13341346153846154 0.34134615384615385 0.019230769230769232
2 0.8112980769230769 0.8004807692307693 0.3293269230769231 0.07211538461538461
2 0.30288461538461536 0.8088942307692307 0.5408653846153846 0.09134615384615384
2 0.8185096153846154 0.8629807692307693 0.3004807692307692 0.016826923076923076