3 0.5697115384615384 0.4963942307692308 0.38221153846153844 0.9423076923076923
2 0.34375 0.11778846153846154 0.03365384615384615 0.11057692307692307
2 0.34375 0.40024038461538464 0.03365384615384615 0.125
2 0.34375 0.6862980769230769 0.03365384615384615 0.14182692307692307
2 0.34375 0.8737980769230769 0.03365384615384615 0.06971153846153846
2 0.23317307692307693 0.7824519230769231 0.14423076923076922 0.3798076923076923
2 0.23317307692307693 0.3233173076923077 0.14423076923076922 0.3581730769230769
2 0.09615384615384616 0.11778846153846154 0.016826923076923076 0.18269230769230768
2 0.03125 0.2620192307692308 0.02403846153846154 0.2764423076923077
2 0.04326923076923077 0.7776442307692307 0.052884615384615384 0.1778846153846154
2 0.09735576923076923 0.78125 0.019230769230769232 0.375
2 0.13341346153846154 0.8004807692307693 0.019230769230769232 0.34134615384615385
2 0.8004807692307693 0.18870192307692307 0.07211538461538461 0.3293269230769231
2 0.8088942307692307 0.6971153846153846 0.09134615384615384 0.5408653846153846
2 0.8629807692307693 0.1814903846153846 0.016826923076923076 0.3004807692307692