3 0.6262019230769231 0.5036057692307693 0.4951923076923077 0.9278846153846154
2 0.9110576923076923 0.71875 0.05048076923076923 0.49038461538461536
2 0.9519230769230769 0.8245192307692307 0.009615384615384616 0.28365384615384615
2 0.9591346153846154 0.5048076923076923 0.019230769230769232 0.14423076923076922
2 0.3473557692307692 0.9134615384615384 0.03365384615384615 0.10576923076923077
2 0.3545673076923077 0.7776442307692307 0.019230769230769232 0.0625
2 0.33774038461538464 0.6838942307692307 0.014423076923076924 0.038461538461538464
2 0.3557692307692308 0.5216346153846154 0.014423076923076924 0.07211538461538461
2 0.33774038461538464 0.44471153846153844 0.01201923076923077 0.11778846153846154
2 0.3545673076923077 0.30528846153846156 0.01201923076923077 0.038461538461538464
2 0.33774038461538464 0.23317307692307693 0.01201923076923077 0.09615384615384616
2 0.33774038461538464 0.09134615384615384 0.01201923076923077 0.0673076923076923
2 0.23557692307692307 0.3317307692307692 0.11057692307692307 0.20192307692307693
2 0.24278846153846154 0.8317307692307693 0.125 0.28125
2 0.07932692307692307 0.6862980769230769 0.11057692307692307 0.2860576923076923
2 0.09495192307692307 0.24759615384615385 0.14182692307692307 0.3557692307692308