3 0.6262019230769231 0.4963942307692308 0.4951923076923077 0.9278846153846154
2 0.9110576923076923 0.28125 0.05048076923076923 0.49038461538461536
2 0.9519230769230769 0.17548076923076922 0.009615384615384616 0.28365384615384615
2 0.9591346153846154 0.4951923076923077 0.019230769230769232 0.14423076923076922
2 0.3473557692307692 0.08653846153846154 0.03365384615384615 0.10576923076923077
2 0.3545673076923077 0.22235576923076922 0.019230769230769232 0.0625
2 0.33774038461538464 0.3161057692307692 0.014423076923076924 0.038461538461538464
2 0.3557692307692308 0.47836538461538464 0.014423076923076924 0.07211538461538461
2 0.33774038461538464 0.5552884615384616 0.01201923076923077 0.11778846153846154
2 0.3545673076923077 0.6947115384615384 0.01201923076923077 0.038461538461538464
2 0.33774038461538464 0.7668269230769231 0.01201923076923077 0.09615384615384616
2 0.33774038461538464 0.9086538461538461 0.01201923076923077 0.0673076923076923
2 0.23557692307692307 0.6682692307692307 0.11057692307692307 0.20432692307692307
2 0.24278846153846154 0.16826923076923078 0.125 0.28125
2 0.07932692307692307 0.3137019230769231 0.11057692307692307 0.2860576923076923
2 0.09495192307692307 0.7524038461538461 0.14182692307692307 0.3557692307692308