3 0.5 0.6310096153846154 0.9591346153846154 0.18269230769230768
2 0.7403846153846154 0.07692307692307693 0.125 0.03365384615384615
2 0.6911057692307693 0.1935096153846154 0.09615384615384616 0.040865384615384616
2 0.8822115384615384 0.1935096153846154 0.07211538461538461 0.04326923076923077
2 0.6923076923076923 0.23798076923076922 0.10576923076923077 0.038461538461538464
2 0.8834134615384616 0.2403846153846154 0.09615384615384616 0.04326923076923077
2 0.4098557692307692 0.3329326923076923 0.19230769230769232 0.04326923076923077
2 0.1658653846153846 0.2283653846153846 0.19230769230769232 0.11298076923076923
2 0.09975961538461539 0.3317307692307692 0.15384615384615385 0.04326923076923077
2 0.16826923076923078 0.4483173076923077 0.29086538461538464 0.1346153846153846
2 0.7704326923076923 0.44471153846153844 0.34615384615384615 0.13942307692307693
2 0.35697115384615385 0.07211538461538461 0.25721153846153844 0.028846153846153848
2 0.6923076923076923 0.7728365384615384 0.09134615384615384 0.09134615384615384
2 0.9278846153846154 0.7704326923076923 0.09375 0.0889423076923077
2 0.7884615384615384 0.9314903846153846 0.2403846153846154 0.04807692307692308
2 0.055288461538461536 0.7596153846153846 0.0625 0.014423076923076924
2 0.15384615384615385 0.7848557692307693 0.25961538461538464 0.019230769230769232