3 0.7560096153846154 0.4987980769230769 0.0625 0.9663461538461539
2 0.8557692307692307 0.11899038461538461 0.08653846153846154 0.17067307692307693
2 0.9675480769230769 0.13942307692307693 0.03365384615384615 0.21153846153846154
2 0.4699519230769231 0.8125 0.15144230769230768 0.34375
2 0.6322115384615384 0.8978365384615384 0.10576923076923077 0.1778846153846154
2 0.17307692307692307 0.8125 0.09615384615384616 0.3485576923076923
2 0.29447115384615385 0.9110576923076923 0.0625 0.16826923076923078
2 0.2776442307692308 0.6887019230769231 0.028846153846153848 0.19230769230769232
2 0.27884615384615385 0.4375 0.03125 0.21153846153846154
2 0.2764423076923077 0.21514423076923078 0.026442307692307692 0.1201923076923077
2 0.2776442307692308 0.07451923076923077 0.026442307692307692 0.09375
2 0.055288461538461536 0.9326923076923077 0.026442307692307692 0.10096153846153846