3 0.5012019230769231 0.7560096153846154 0.9663461538461539 0.0625
2 0.8810096153846154 0.8557692307692307 0.17067307692307693 0.08653846153846154
2 0.8605769230769231 0.9675480769230769 0.21153846153846154 0.03365384615384615
2 0.1875 0.4699519230769231 0.34375 0.15144230769230768
2 0.10216346153846154 0.6322115384615384 0.1778846153846154 0.10576923076923077
2 0.1875 0.17307692307692307 0.3485576923076923 0.09615384615384616
2 0.0889423076923077 0.29447115384615385 0.16826923076923078 0.0625
2 0.3112980769230769 0.2776442307692308 0.19230769230769232 0.028846153846153848
2 0.5625 0.27884615384615385 0.21153846153846154 0.03125
2 0.7848557692307693 0.2764423076923077 0.1201923076923077 0.026442307692307692
2 0.9254807692307693 0.2776442307692308 0.09375 0.026442307692307692
2 0.0673076923076923 0.055288461538461536 0.10096153846153846 0.026442307692307692