3 0.6346153846153846 0.49759615384615385 0.2091346153846154 0.8822115384615384
2 0.7944711538461539 0.6081730769230769 0.07451923076923077 0.1658653846153846
2 0.9699519230769231 0.8822115384615384 0.01201923076923077 0.1466346153846154
2 0.9290865384615384 0.47596153846153844 0.02403846153846154 0.22115384615384615
2 0.8798076923076923 0.4987980769230769 0.05048076923076923 0.2692307692307692
2 0.8978365384615384 0.7127403846153846 0.01201923076923077 0.0985576923076923
2 0.8978365384615384 0.8942307692307693 0.01201923076923077 0.07932692307692307
2 0.7944711538461539 0.17067307692307693 0.07451923076923077 0.1971153846153846
2 0.028846153846153848 0.9254807692307693 0.014423076923076924 0.057692307692307696
2 0.028846153846153848 0.08653846153846154 0.01201923076923077 0.08413461538461539
2 0.32572115384615385 0.1201923076923077 0.09615384615384616 0.11538461538461539
2 0.44471153846153844 0.7824519230769231 0.12980769230769232 0.30288461538461536
2 0.49278846153846156 0.13942307692307693 0.04326923076923077 0.15865384615384615