0 0.8269230769230769 0.10576923076923077 0.10817307692307693 0.03365384615384615
0 0.7103365384615384 0.19831730769230768 0.3581730769230769 0.09134615384615384
0 0.359375 0.15384615384615385 0.3004807692307692 0.021634615384615384
0 0.3425480769230769 0.20072115384615385 0.3269230769230769 0.026442307692307692
0 0.46153846153846156 0.24639423076923078 0.09134615384615384 0.016826923076923076
0 0.3605769230769231 0.2800480769230769 0.30288461538461536 0.021634615384615384
0 0.7415865384615384 0.38221153846153844 0.2956730769230769 0.12740384615384615
0 0.45072115384615385 0.38100961538461536 0.2644230769230769 0.11538461538461539
1 0.4675480769230769 0.5288461538461539 0.8605769230769231 0.15384615384615385
0 0.24639423076923078 0.65625 0.30288461538461536 0.052884615384615384
0 0.14182692307692307 0.7151442307692307 0.09134615384615384 0.040865384615384616