0 0.8942307692307693 0.8269230769230769 0.03365384615384615 0.10817307692307693
0 0.8016826923076923 0.7103365384615384 0.09134615384615384 0.3581730769230769
0 0.8461538461538461 0.359375 0.021634615384615384 0.3004807692307692
0 0.7992788461538461 0.3425480769230769 0.026442307692307692 0.3269230769230769
0 0.7536057692307693 0.46153846153846156 0.016826923076923076 0.09134615384615384
0 0.7199519230769231 0.3605769230769231 0.021634615384615384 0.30288461538461536
0 0.6177884615384616 0.7415865384615384 0.12740384615384615 0.2956730769230769
0 0.6189903846153846 0.45072115384615385 0.11538461538461539 0.2644230769230769
1 0.47115384615384615 0.4675480769230769 0.15384615384615385 0.8605769230769231
0 0.34375 0.24639423076923078 0.052884615384615384 0.30288461538461536
0 0.2848557692307692 0.14182692307692307 0.040865384615384616 0.09134615384615384