0 0.8942307692307693 0.171875 0.03125 0.11057692307692307
0 0.8052884615384616 0.29086538461538464 0.0889423076923077 0.3485576923076923
0 0.8473557692307693 0.6394230769230769 0.019230769230769232 0.2956730769230769
0 0.7992788461538461 0.6574519230769231 0.019230769230769232 0.3317307692307692
0 0.7512019230769231 0.5384615384615384 0.019230769230769232 0.09134615384615384
0 0.7199519230769231 0.640625 0.016826923076923076 0.2932692307692308
0 0.6213942307692307 0.24639423076923078 0.11057692307692307 0.2668269230769231
0 0.6237980769230769 0.5528846153846154 0.11057692307692307 0.2692307692307692
1 0.42788461538461536 0.5324519230769231 0.23557692307692307 0.8581730769230769
0 0.21514423076923078 0.703125 0.055288461538461536 0.27884615384615385
0 0.15865384615384615 0.8137019230769231 0.03365384615384615 0.09615384615384616