0 0.10576923076923077 0.828125 0.03125 0.11057692307692307
0 0.19471153846153846 0.7091346153846154 0.0889423076923077 0.3485576923076923
0 0.15264423076923078 0.3605769230769231 0.019230769230769232 0.2956730769230769
0 0.20072115384615385 0.3425480769230769 0.019230769230769232 0.3317307692307692
0 0.24879807692307693 0.46153846153846156 0.019230769230769232 0.09134615384615384
0 0.2800480769230769 0.359375 0.016826923076923076 0.2932692307692308
0 0.3786057692307692 0.7536057692307693 0.11057692307692307 0.2668269230769231
0 0.3762019230769231 0.44711538461538464 0.11057692307692307 0.2692307692307692
1 0.5721153846153846 0.4675480769230769 0.23557692307692307 0.8581730769230769
0 0.7848557692307693 0.296875 0.055288461538461536 0.27884615384615385
0 0.8413461538461539 0.18629807692307693 0.03365384615384615 0.09615384615384616