0 0.8245192307692307 0.10576923076923077 0.11778846153846154 0.03365384615384615
0 0.7079326923076923 0.19471153846153846 0.35096153846153844 0.0889423076923077
0 0.3557692307692308 0.15264423076923078 0.3004807692307692 0.028846153846153848
0 0.3425480769230769 0.203125 0.3269230769230769 0.026442307692307692
0 0.46033653846153844 0.24879807692307693 0.09615384615384616 0.021634615384615384
0 0.3605769230769231 0.28125 0.2932692307692308 0.021634615384615384
0 0.7391826923076923 0.38100961538461536 0.29086538461538464 0.11298076923076923
0 0.44711538461538464 0.3786057692307692 0.2692307692307692 0.11298076923076923
1 0.46634615384615385 0.59375 0.8605769230769231 0.28365384615384615
0 0.24759615384615385 0.7944711538461539 0.2980769230769231 0.057692307692307696
0 0.140625 0.8497596153846154 0.09615384615384616 0.03365384615384615