0 0.10817307692307693 0.828125 0.03365384615384615 0.11778846153846154
0 0.1935096153846154 0.7091346153846154 0.08173076923076923 0.35096153846153844
0 0.15384615384615385 0.3605769230769231 0.016826923076923076 0.2956730769230769
0 0.20192307692307693 0.34375 0.021634615384615384 0.3293269230769231
0 0.24759615384615385 0.46153846153846156 0.02403846153846154 0.0889423076923077
0 0.2800480769230769 0.359375 0.021634615384615384 0.2980769230769231
0 0.38100961538461536 0.7415865384615384 0.1201923076923077 0.2956730769230769
0 0.38100961538461536 0.4483173076923077 0.1201923076923077 0.27403846153846156
1 0.5564903846153846 0.46634615384615385 0.20673076923076922 0.8653846153846154
0 0.7524038461538461 0.296875 0.06009615384615385 0.28846153846153844
0 0.8112980769230769 0.1875 0.038461538461538464 0.0985576923076923