0 0.8293269230769231 0.10697115384615384 0.11298076923076923 0.038461538461538464
0 0.7067307692307693 0.19831730769230768 0.3557692307692308 0.09375
0 0.359375 0.15504807692307693 0.2956730769230769 0.021634615384615384
0 0.3425480769230769 0.20072115384615385 0.3293269230769231 0.02403846153846154
0 0.46033653846153844 0.24759615384615385 0.09375 0.019230769230769232
0 0.3581730769230769 0.2800480769230769 0.3004807692307692 0.016826923076923076
0 0.7439903846153846 0.3798076923076923 0.2932692307692308 0.11538461538461539
0 0.4483173076923077 0.37740384615384615 0.27163461538461536 0.11298076923076923
1 0.46875 0.5324519230769231 0.8557692307692307 0.15625
0 0.24639423076923078 0.6694711538461539 0.30288461538461536 0.04807692307692308
0 0.14182692307692307 0.7319711538461539 0.10096153846153846 0.04567307692307692