0 0.17067307692307693 0.10697115384615384 0.11298076923076923 0.038461538461538464
0 0.2932692307692308 0.19831730769230768 0.3557692307692308 0.09375
0 0.640625 0.15504807692307693 0.2956730769230769 0.021634615384615384
0 0.6574519230769231 0.20072115384615385 0.3293269230769231 0.02403846153846154
0 0.5396634615384616 0.24759615384615385 0.09375 0.019230769230769232
0 0.6418269230769231 0.2800480769230769 0.3004807692307692 0.016826923076923076
0 0.25600961538461536 0.3798076923076923 0.2932692307692308 0.11538461538461539
0 0.5516826923076923 0.37740384615384615 0.27163461538461536 0.11298076923076923
1 0.53125 0.5324519230769231 0.8557692307692307 0.15625
0 0.7536057692307693 0.6694711538461539 0.30288461538461536 0.04807692307692308
0 0.8581730769230769 0.7319711538461539 0.10096153846153846 0.04567307692307692