0 0.8930288461538461 0.17067307692307693 0.038461538461538464 0.11298076923076923
0 0.8016826923076923 0.2932692307692308 0.09375 0.3557692307692308
0 0.8449519230769231 0.640625 0.021634615384615384 0.2956730769230769
0 0.7992788461538461 0.6574519230769231 0.02403846153846154 0.3293269230769231
0 0.7524038461538461 0.5396634615384616 0.019230769230769232 0.09375
0 0.7199519230769231 0.6418269230769231 0.016826923076923076 0.3004807692307692
0 0.6201923076923077 0.25600961538461536 0.11538461538461539 0.2932692307692308
0 0.6225961538461539 0.5516826923076923 0.11298076923076923 0.27163461538461536
1 0.4675480769230769 0.53125 0.15625 0.8557692307692307
0 0.33052884615384615 0.7536057692307693 0.04807692307692308 0.30288461538461536
0 0.26802884615384615 0.8581730769230769 0.04567307692307692 0.10096153846153846