0 0.10697115384615384 0.171875 0.036057692307692304 0.11538461538461539
0 0.19591346153846154 0.29086538461538464 0.09134615384615384 0.35096153846153844
0 0.15264423076923078 0.640625 0.021634615384615384 0.3004807692307692
0 0.203125 0.6598557692307693 0.02403846153846154 0.3389423076923077
0 0.24639423076923078 0.5384615384615384 0.019230769230769232 0.09134615384615384
0 0.28125 0.640625 0.019230769230769232 0.3004807692307692
0 0.3798076923076923 0.24759615384615385 0.11298076923076923 0.2644230769230769
0 0.3762019230769231 0.5504807692307693 0.10817307692307693 0.27403846153846156
1 0.578125 0.53125 0.25240384615384615 0.8557692307692307
0 0.7944711538461539 0.6995192307692307 0.04807692307692308 0.2764423076923077
0 0.8557692307692307 0.8161057692307693 0.040865384615384616 0.10576923076923077