3 0.4963942307692308 0.4362980769230769 0.9086538461538461 0.1778846153846154
2 0.23197115384615385 0.20793269230769232 0.29086538461538464 0.07211538461538461
2 0.3233173076923077 0.2776442307692308 0.10576923076923077 0.038461538461538464
2 0.7908653846153846 0.2091346153846154 0.22115384615384615 0.07211538461538461
2 0.8473557692307693 0.2776442307692308 0.10817307692307693 0.038461538461538464
2 0.4951923076923077 0.07451923076923077 0.25 0.02403846153846154
2 0.18389423076923078 0.12620192307692307 0.25721153846153844 0.057692307692307696
2 0.8112980769230769 0.12620192307692307 0.2692307692307692 0.057692307692307696
2 0.765625 0.3293269230769231 0.1201923076923077 0.03125
2 0.47836538461538464 0.3293269230769231 0.10817307692307693 0.03125
2 0.2091346153846154 0.3293269230769231 0.1201923076923077 0.028846153846153848
2 0.1778846153846154 0.9026442307692307 0.23076923076923078 0.0673076923076923
2 0.8533653846153846 0.8786057692307693 0.09615384615384616 0.016826923076923076