3 0.4362980769230769 0.5036057692307693 0.1778846153846154 0.9086538461538461
2 0.20793269230769232 0.7680288461538461 0.07211538461538461 0.29086538461538464
2 0.2776442307692308 0.6766826923076923 0.038461538461538464 0.10576923076923077
2 0.2091346153846154 0.2091346153846154 0.07211538461538461 0.22115384615384615
2 0.2776442307692308 0.15264423076923078 0.038461538461538464 0.10817307692307693
2 0.07451923076923077 0.5048076923076923 0.02403846153846154 0.25
2 0.12620192307692307 0.8161057692307693 0.057692307692307696 0.25721153846153844
2 0.12620192307692307 0.18870192307692307 0.057692307692307696 0.2692307692307692
2 0.3293269230769231 0.234375 0.03125 0.1201923076923077
2 0.3293269230769231 0.5216346153846154 0.03125 0.10817307692307693
2 0.3293269230769231 0.7908653846153846 0.028846153846153848 0.1201923076923077
2 0.9026442307692307 0.8221153846153846 0.0673076923076923 0.23076923076923078
2 0.8786057692307693 0.1466346153846154 0.016826923076923076 0.09615384615384616